Galaxy,NetCounts,Brightness,Area,Coordinates,Eccentricity
1,-1992.101449275362,nan,9.0,"(1.2222222222222223, 52.55555555555556)",0.7332275329386078
2,25035.896103896084,14.303592148468512,219.0,"(4.401826484018265, 171.0365296803653)",0.8983306807234691
3,2006.4507042253535,17.043928764564832,32.0,"(2.0625, 399.25)",0.5492150092819651
4,40082.242268041184,13.792619978243833,306.0,"(9.045751633986928, 453.10130718954247)",0.7847388655747868
5,-340.5683453237434,nan,27.0,"(1.5555555555555556, 522.1851851851852)",0.7469163417510541
6,7435.9791666666715,15.621654589145983,65.0,"(2.076923076923077, 651.5230769230769)",0.9042394376377768
7,2072.9148936170095,17.00854632024924,55.0,"(1.8, 893.6909090909091)",0.8917084767830893
8,48940.60465116281,13.575826673328917,213.0,"(5.92018779342723, 1210.0469483568074)",0.7647868546874244
9,104121.98666666666,12.756143885162782,25.0,"(3.24, 1403.16)",0.8825692150644326
10,78984.85074626864,13.056140495451343,737.0,"(10.086838534599728, 1470.843962008141)",0.7943262183045809
11,442.9154929577453,18.684197820125902,9.0,"(2.2222222222222223, 1493.111111111111)",0.7869526281849772
12,-877.657458563539,nan,31.0,"(7.548387096774194, 337.741935483871)",0.5587344432985657
13,-9323.527272727275,nan,8.0,"(5.625, 1060.625)",0.8884260179177642
14,12163.887096774182,15.087319048900232,126.0,"(13.26984126984127, 1750.7539682539682)",0.7450057457707979
15,-5884.059405940596,nan,25.0,"(10.32, 1159.48)",0.31454381684639315
16,-5743.029411764706,nan,27.0,"(10.444444444444445, 1382.7037037037037)",0.5976797180222305
17,-2570.9406392694073,nan,23.0,"(11.434782608695652, 1713.7391304347825)",0.8692142067839758
18,4175.902439024401,16.24812414060853,80.0,"(13.6625, 2036.0625)",0.6658677281051704
19,1255.826086956522,17.552676249237347,8.0,"(10.875, 158.25)",0.8834532030463912
20,-26490.448275862072,nan,9.0,"(10.11111111111111, 222.88888888888889)",0.9854397880106972
21,6640.976744186046,15.744420101499472,79.0,"(14.721518987341772, 1046.253164556962)",0.6444615351154758
22,862.1735159817345,17.96101330455097,9.0,"(11.666666666666666, 611.5555555555555)",0.789201060651544
23,17859.501960784313,14.670326640592224,95.0,"(18.431578947368422, 401.22105263157897)",0.765165727882931
24,-5016.125,nan,11.0,"(14.818181818181818, 422.72727272727275)",0.8617466307198008
25,-2394.073359073358,nan,16.0,"(18.25, 1844.625)",0.8551994786356787
26,-7033.796000000002,nan,33.0,"(20.0, 498.2121212121212)",0.784658500575646
27,680.644268774704,18.21769952004533,11.0,"(20.09090909090909, 1565.3636363636363)",0.7639310353007615
28,-6125.851405622496,nan,147.0,"(28.034013605442176, 804.7006802721088)",0.8170256109666225
29,-10813.928,nan,23.0,"(24.956521739130434, 935.695652173913)",0.8940147586124481
30,4564.26771653544,16.151572225049463,82.0,"(28.573170731707318, 1135.841463414634)",0.5283392180415711
31,984.2292490118562,17.817259332212117,21.0,"(27.142857142857142, 2147.3809523809523)",0.5157648985563588
32,-7790.960474308289,nan,82.0,"(30.634146341463413, 1236.4146341463415)",0.827441391143779
33,3410.8611111111095,16.467839911321803,30.0,"(30.566666666666666, 1247.9333333333334)",0.7070880862487898
34,8850.83600000001,15.43253926589963,78.0,"(33.256410256410255, 473.87179487179486)",0.5047365888527312
35,-2910.4159999999974,nan,12.0,"(31.083333333333332, 982.75)",0.708279454851884
36,593.7374517374519,18.366013889517774,9.0,"(31.444444444444443, 484.44444444444446)",0.8552251406781767
37,16163.909448818915,14.778633977915163,146.0,"(37.10958904109589, 2277.595890410959)",0.5072404807662282
38,2707.8207171314752,16.71845023340337,29.0,"(34.13793103448276, 582.2068965517242)",0.5619466808954507
39,19247.057915057914,14.589089117194805,31.0,"(35.645161290322584, 1290.225806451613)",0.4898048962025058
40,-1649.964,nan,10.0,"(35.0, 547.6)",0.8985949463698436
41,793.1225296442717,18.05164928316359,20.0,"(37.45, 258.1)",0.7393066401224727
42,170949.96047430835,12.217827488203737,905.0,"(56.8585635359116, 858.5767955801105)",0.6731592920197201
43,-20539.3046875,nan,20.0,"(40.65, 772.35)",0.8997342174768495
44,-8049.474708171212,nan,47.0,"(41.680851063829785, 814.7659574468086)",0.8722152478258088
45,310.8110236220473,19.06875896588337,11.0,"(38.54545454545455, 1459.8181818181818)",0.5917327887027962
46,493.567164179105,18.56663435141885,10.0,"(38.3, 2308.2)",0.7917413587484459
47,2383.1889763779545,16.85710379662639,20.0,"(44.55, 732.8)",0.4699403252411226
48,-4809.501992031874,nan,14.0,"(43.857142857142854, 1263.2142857142858)",0.7015000187520551
49,-433.3919999999998,nan,13.0,"(46.0, 24.615384615384617)",0.5708479484806503
50,1042.9055118110264,17.75438759316655,32.0,"(47.53125, 698.65625)",0.7291313628535807
51,-1473.5914396887165,nan,35.0,"(48.77142857142857, 752.4285714285714)",0.7189783581962554
52,-5076.364705882352,nan,10.0,"(46.4, 1147.1)",0.7973817472370762
53,11282.57421875,15.168979502333066,65.0,"(51.353846153846156, 36.676923076923075)",0.5274788680881352
54,-75481.76171875,nan,109.0,"(50.596330275229356, 574.3302752293578)",0.9217888265610643
55,4374.4409448818915,16.197693605213786,25.0,"(49.52, 199.68)",0.25793487408451893
56,2143.357142857145,16.97226364350022,15.0,"(49.06666666666667, 716.3333333333334)",0.6532292002894009
57,290.5725490196073,19.141863541960344,16.0,"(50.6875, 1980.625)",0.43167711068039955
58,-7559.63813229572,nan,11.0,"(54.45454545454545, 545.7272727272727)",0.895576613831271
59,-3351.162790697679,nan,28.0,"(57.785714285714285, 352.32142857142856)",0.627817471460059
60,2451.992125984252,16.82620232197366,39.0,"(58.56410256410256, 2100.6666666666665)",0.7132578080203128
61,3849.1746031746006,16.336580970850576,47.0,"(60.02127659574468, 484.3191489361702)",0.421452093064452
62,504.19685039370233,18.543499678981874,20.0,"(59.15, 1665.15)",0.6876859229206809
63,-5438.700000000001,nan,9.0,"(61.22222222222222, 375.0)",0.668330766684601
64,-18448.93227091634,nan,74.0,"(64.97297297297297, 564.7702702702703)",0.761423102009052
65,-10677.640000000014,nan,178.0,"(70.51685393258427, 829.056179775281)",0.8357884309421972
66,-7341.449612403099,nan,14.0,"(64.28571428571429, 1113.7142857142858)",0.8162762510684688
67,-15491.251968503937,nan,11.0,"(63.63636363636363, 1122.4545454545455)",0.8981407793545549
68,8101.541501976288,15.528580847214617,52.0,"(65.07692307692308, 1236.576923076923)",0.27108174181882494
69,18756.07142857145,14.61714530502606,134.0,"(68.66417910447761, 496.93283582089555)",0.6037492463341264
70,21377.653543307097,14.475099913991913,115.0,"(70.08695652173913, 31.443478260869565)",0.3327133349702394
71,-5456.083665338647,nan,9.0,"(64.22222222222223, 1000.1111111111111)",0.6441504740399805
72,-150253.83333333326,nan,222.0,"(72.01351351351352, 1160.3108108108108)",0.9242987667757088
73,28104.646825396834,14.178054669651592,211.0,"(72.07582938388626, 2113.7772511848343)",0.6214095728155464
74,3029.1818181818235,16.596686646427457,78.0,"(68.5, 1946.474358974359)",0.5839726063526214
75,30610.40400000001,14.085327346227764,139.0,"(71.6978417266187, 62.02877697841727)",0.6290247906937161
76,1871.8039215686276,17.119349117948847,14.0,"(66.57142857142857, 148.21428571428572)",0.6202106087561018
77,-2261.244094488189,nan,8.0,"(67.375, 447.375)",0.5691581042174771
78,6595.105058365763,15.751945704651462,70.0,"(70.31428571428572, 640.2857142857143)",0.7513379867467672
79,-746.7391304347839,nan,27.0,"(68.37037037037037, 879.925925925926)",0.6927345070022253
80,-1221.7637795275587,nan,8.0,"(67.875, 916.5)",0.9373085635706145
81,-4336.56589147287,nan,8.0,"(69.125, 655.0)",0.8339607977777448
82,-12435.496062992126,nan,11.0,"(73.36363636363636, 149.63636363636363)",0.9703868790226473
83,7820.796875,15.56687248410761,56.0,"(76.33928571428571, 911.8571428571429)",0.5298152677546268
84,-335.28571428571377,nan,9.0,"(75.55555555555556, 146.11111111111111)",0.9180087611816877
85,122.35433070866566,20.080951635670335,48.0,"(78.16666666666667, 326.8541666666667)",0.7080013134532507
86,-53336.41085271319,nan,88.0,"(82.86363636363636, 1215.875)",0.83734238056856
87,-2612.8976377952713,nan,46.0,"(79.73913043478261, 721.195652173913)",0.6934932044713208
88,-27.875,nan,28.0,"(82.28571428571429, 691.6785714285714)",0.4859419949900048
89,825.470588235301,18.008245990420498,48.0,"(83.5625, 1135.7083333333333)",0.583555220696769
90,-13252.564705882352,nan,9.0,"(83.22222222222223, 1328.5555555555557)",0.978845722482343
91,-1118.1860465116333,nan,77.0,"(87.84415584415585, 131.01298701298703)",0.516051012771217
92,2494.181102362203,16.807680039031176,18.0,"(84.88888888888889, 672.6111111111111)",0.746663017765374
93,-1431.5868725868786,nan,57.0,"(87.85964912280701, 2271.0175438596493)",0.8233972800537636
94,-3901.3019607843125,nan,13.0,"(86.84615384615384, 184.69230769230768)",0.5532256403413008
95,-29368.85826771654,nan,22.0,"(87.5909090909091, 513.1818181818181)",0.9174593487532441
96,-27710.023622047243,nan,13.0,"(87.61538461538461, 898.9230769230769)",0.947535920372363
97,-2862.9446640316164,nan,18.0,"(87.77777777777777, 1732.0555555555557)",0.8519940160095294
98,7486.921568627455,15.614241791058198,86.0,"(90.17441860465117, 284.98837209302326)",0.7768911444387209
99,10972.078740157478,15.19927771095049,134.0,"(90.86567164179104, 1899.7089552238806)",0.765400715765431
100,9512.826086956527,15.35422610733041,60.0,"(90.43333333333334, 1157.6)",0.743148774998402
101,707.0078740157478,18.17643937349026,11.0,"(88.0, 2214.818181818182)",0.8734462575645063
102,3872.3803921568615,16.330054968995153,109.0,"(94.09174311926606, 1005.3853211009174)",0.8152955081305566
103,-6499.8125,nan,14.0,"(89.14285714285714, 1805.9285714285713)",0.6935958612111477
104,4331.37837837838,16.20843468933392,58.0,"(92.6896551724138, 2252.2241379310344)",0.1656538759830071
105,-1416.420634920636,nan,35.0,"(92.34285714285714, 354.0285714285714)",0.40231587530358165
106,7156.356862745095,15.663270027005415,27.0,"(92.18518518518519, 69.25925925925925)",0.8089966686606243
107,1606.1574803149633,17.285529688305235,11.0,"(90.81818181818181, 1041.0)",0.8840090356948529
108,-1401.1612903225796,nan,23.0,"(93.0, 1182.5217391304348)",0.6386693821385929
109,-8374.321705426351,nan,22.0,"(95.72727272727273, 449.40909090909093)",0.4327837860390081
110,138008.49011857715,12.45023548873912,950.0,"(112.14736842105263, 895.5578947368421)",0.5773487214588053
111,2846.59375,16.664186271298735,66.0,"(100.71212121212122, 1527.1818181818182)",0.38535249206416394
112,-1391.3255813953474,nan,20.0,"(100.0, 575.1)",0.8066113955979025
113,-10073.25296442688,nan,49.0,"(102.06122448979592, 835.204081632653)",0.7805452308580951
114,-10568.769230769234,nan,54.0,"(103.5, 93.44444444444444)",0.6296562980438388
115,8642.935999999987,15.458346757228425,153.0,"(109.05228758169935, 1032.549019607843)",0.7447444110931004
116,7729.965517241377,15.579556108575856,91.0,"(105.53846153846153, 2230.5164835164837)",0.4848198241835002
117,2949.8425196850403,16.625502921628637,22.0,"(104.31818181818181, 70.45454545454545)",0.6096256181924261
118,-2943.8384615384566,nan,46.0,"(104.97826086956522, 421.0869565217391)",0.8558499293148774
119,-1225.966165413527,nan,57.0,"(106.03508771929825, 489.0175438596491)",0.8096814888971287
120,20126.539682539675,14.54057721528181,169.0,"(114.05325443786982, 1502.6449704142012)",0.4203352709238131
121,-13904.784860557775,nan,33.0,"(112.24242424242425, 183.06060606060606)",0.7961332952289185
122,-14532.285714285714,nan,9.0,"(110.44444444444444, 712.1111111111111)",0.9465097236795067
123,-19943.565384615387,nan,25.0,"(112.92, 801.92)",0.8849707274262637
124,7469.312252964475,15.616798461489935,255.0,"(124.08627450980393, 1080.513725490196)",0.7942729076757852
125,38163.78599221789,13.845871370430283,253.0,"(120.42292490118577, 125.27667984189723)",0.7627087478588273
126,-11498.284584980232,nan,25.0,"(113.44, 696.92)",0.6945236684635677
127,-10226.87351778656,nan,68.0,"(117.98529411764706, 1136.8088235294117)",0.8153470899554723
128,-5672.21875,nan,9.0,"(115.33333333333333, 1184.6666666666667)",0.9241763718304448
129,32584.65625,14.01746714052362,203.0,"(120.51231527093596, 2100.7881773399013)",0.4397568068748302
130,816.3360000000002,18.020327627284452,8.0,"(117.75, 81.0)",0.7950972173652757
131,41047.68871595332,13.766778229501856,290.0,"(132.76896551724138, 1178.441379310345)",0.4808358478823862
132,-5268.094117647059,nan,37.0,"(123.43243243243244, 2141.7837837837837)",0.8039129333816444
133,11373.257936507958,15.160287778215869,159.0,"(128.69811320754718, 2054.9245283018868)",0.42056804956757626
134,9332.1953125,15.375040451203063,54.0,"(128.62962962962962, 38.27777777777778)",0.6673928346809884
135,-267.5720000000001,nan,46.0,"(127.73913043478261, 1022.9782608695652)",0.660301387993309
136,-198512.92125984258,nan,257.0,"(130.77431906614785, 1809.1828793774318)",0.9209642845968673
137,6010.10546875,15.85279476670936,83.0,"(128.67469879518072, 2219.746987951807)",0.649337202173382
138,2628.0608365018998,16.750911463979975,58.0,"(131.9655172413793, 1601.051724137931)",0.4549384000759334
139,-2770.652173913044,nan,31.0,"(130.58064516129033, 1856.8709677419354)",0.532880458321354
140,4473.9652509652515,16.173268483417342,46.0,"(132.45652173913044, 391.45652173913044)",0.6856942774222822
141,24210.188235294132,14.340004584715398,239.0,"(137.80334728033472, 515.418410041841)",0.48002341623401407
142,15893.952380952396,14.796920231210954,155.0,"(135.93548387096774, 1238.625806451613)",0.4873403281617718
143,-14880.541176470593,nan,13.0,"(132.69230769230768, 104.53846153846153)",0.88349266878508
144,-1194.8837209302328,nan,21.0,"(133.71428571428572, 28.714285714285715)",0.6038825685791189
145,9774.412451361874,15.324773347439052,76.0,"(137.94736842105263, 1214.842105263158)",0.5612968453827044
146,11505.630952380947,15.147723900631796,185.0,"(143.23243243243243, 1752.9783783783785)",0.5099164612579596
147,11017.944444444438,15.194748554478366,170.0,"(144.94117647058823, 840.5705882352942)",0.4166879284521584
148,144013.27843137248,12.403993657199205,631.0,"(153.77812995245642, 989.256735340729)",0.35966835637821504
149,873.450592885376,17.946904140108767,11.0,"(138.45454545454547, 2186.909090909091)",0.7770603139708927
150,-3244.3228346456744,nan,45.0,"(142.22222222222223, 747.1777777777778)",0.8785092598413256
151,5892.118773946364,15.874321267968973,125.0,"(145.088, 1331.968)",0.5686170678800199
152,275.90000000000146,19.198120748802033,11.0,"(141.0909090909091, 2294.2727272727275)",0.7024354291113144
153,23243.199999999983,14.384260202034783,171.0,"(147.49122807017545, 677.5497076023391)",0.38294206632170175
154,799345.3119999999,10.543163919365016,891.0,"(158.00561167227835, 1668.4478114478115)",0.2197396423898046
155,-6905.177165354333,nan,9.0,"(143.33333333333334, 29.11111111111111)",0.9003995804089002
156,-15103.22480620155,nan,15.0,"(144.4, 332.73333333333335)",0.8914330057711284
157,12961.307086614193,15.01837799927313,166.0,"(149.9879518072289, 1827.8192771084337)",0.5419383244773791
158,6904.455999999998,15.702176334170721,43.0,"(148.04651162790697, 717.2558139534884)",0.6176333832483292
159,118568.82745098043,12.615073687325992,545.0,"(163.80183486238533, 556.7688073394495)",0.5167175035312812
160,-6618.162790697679,nan,104.0,"(157.70192307692307, 303.77884615384613)",0.7371724850575327
161,4584.931034482754,16.146667981265622,100.0,"(155.93, 428.01)",0.7659569813159138
162,140003.5196850394,12.434652615079829,513.0,"(163.87719298245614, 497.39181286549706)",0.6249223009257765
163,-4988.561264822136,nan,17.0,"(153.47058823529412, 604.6470588235294)",0.5571379560125334
164,-6511.9604743083,nan,16.0,"(153.125, 1554.1875)",0.6685941081701118
165,-2217.936507936509,nan,19.0,"(155.31578947368422, 2176.8947368421054)",0.582628109207505
166,4627.889328063247,16.136542588424604,50.0,"(158.14, 739.46)",0.6328516926199708
167,-19018.368000000002,nan,12.0,"(158.08333333333334, 389.75)",0.9126578335800343
168,-2155.5843137254888,nan,21.0,"(157.61904761904762, 910.0952380952381)",0.33715136941194845
169,-1026.9382239382248,nan,9.0,"(157.44444444444446, 1202.5555555555557)",0.910818360312576
170,1244.2392156862734,17.562740286924466,17.0,"(160.11764705882354, 2165.823529411765)",0.40129692055349075
171,55214.027450980386,13.444876432912945,535.0,"(173.25233644859813, 1958.4747663551402)",0.6317653353980612
172,21680.176470588223,14.459842967708347,166.0,"(166.6024096385542, 853.710843373494)",0.8131971032950147
173,2855.5520000000033,16.660774817160355,42.0,"(162.97619047619048, 1280.404761904762)",0.7819612163220744
174,4293.580392156859,16.21795100261115,46.0,"(166.56521739130434, 1132.7826086956522)",0.5942966215841493
175,-2788.3385826771664,nan,11.0,"(165.63636363636363, 1168.5454545454545)",0.8090259021703551
176,55697.70588235295,13.43540673123773,262.0,"(175.29007633587787, 523.5610687022901)",0.4474499582565694
177,-16631.521568627453,nan,19.0,"(166.73684210526315, 586.5263157894736)",0.8244212688487921
178,17728.627906976748,14.678312187434166,111.0,"(171.13513513513513, 911.1531531531532)",0.6636055473231979
179,-3299.8488372093016,nan,8.0,"(167.0, 1082.125)",0.951481519023024
180,1910.6499999999942,17.097047153359412,28.0,"(167.46428571428572, 1355.5714285714287)",0.7810701624189084
181,-10606.878431372548,nan,23.0,"(166.82608695652175, 1376.695652173913)",0.8221186939380002
182,347.42446043165546,18.94784902073463,13.0,"(169.84615384615384, 2307.6153846153848)",0.7627818628878922
183,11374.221789883275,15.160195768857568,130.0,"(178.3153846153846, 780.8)",0.5474582750243847
184,-793.1952191235068,nan,9.0,"(173.11111111111111, 1113.7777777777778)",0.9395724963866356
185,424.94444444444525,18.72916961045253,15.0,"(173.86666666666667, 2002.8)",0.7673030248290602
186,16268.07086614173,14.771659861029569,139.0,"(183.0935251798561, 720.8273381294964)",0.5793034895464646
187,-105.96399999999994,nan,8.0,"(179.25, 1330.0)",0.9170844388159666
188,-5599.023715415016,nan,25.0,"(181.36, 600.52)",0.8902073582607567
189,4782.0,16.100976070550608,89.0,"(184.03370786516854, 2233.4157303370785)",0.3877016740457935
190,3060.0588235294126,16.585675562481764,36.0,"(181.41666666666666, 2296.1944444444443)",0.7413528875490341
191,2787.7817460317456,16.686853074824924,39.0,"(181.89743589743588, 747.6666666666666)",0.7853817504639252
192,57285.0,13.404897706427503,253.0,"(188.97233201581028, 1583.1225296442688)",0.5696728310487521
193,-8198.388888888887,nan,8.0,"(185.375, 671.0)",0.9547131709489385
194,2996.28125,16.60854355854776,91.0,"(188.92307692307693, 1989.8461538461538)",0.5673465820196791
195,719.1969111969083,18.157880466191166,36.0,"(187.11111111111111, 1866.0277777777778)",0.46254630586211254
196,-5280.167938931299,nan,19.0,"(187.05263157894737, 2182.0526315789475)",0.892848184175154
197,2905.211764705884,16.642055514559942,57.0,"(193.66666666666666, 604.1578947368421)",0.37923636640107794
198,-6583.004000000001,nan,9.0,"(188.77777777777777, 1795.0)",0.8041450729203583
199,-2204.727999999999,nan,8.0,"(191.0, 80.75)",0.7927001054654698
200,1066.964566929135,17.729625007302623,38.0,"(195.57894736842104, 1656.3947368421052)",0.5773307568839167
201,-5105.039370078743,nan,11.0,"(195.1818181818182, 139.54545454545453)",0.9443793456298611
202,-10278.56692913386,nan,12.0,"(196.66666666666666, 65.5)",0.809885163769916
203,8659.42857142858,15.45627691443221,77.0,"(198.87012987012986, 969.7922077922078)",0.7366198582706595
204,-3073.1146245059317,nan,15.0,"(196.8, 2014.9333333333334)",0.7790622217970696
205,-1856.9883268482445,nan,34.0,"(198.2941176470588, 402.2352941176471)",0.8317126706471565
206,457.9133858267742,18.64804165223266,11.0,"(197.1818181818182, 1433.0)",0.888523805498418
207,954.9612403100764,17.85003563769262,30.0,"(200.26666666666668, 716.6)",0.7692778093932333
208,-4063.329411764702,nan,28.0,"(202.85714285714286, 162.32142857142858)",0.5433135645854612
209,-9427.09448818898,nan,32.0,"(203.4375, 333.3125)",0.598752604643783
210,36137.841897233215,13.905094466191187,273.0,"(208.8095238095238, 993.934065934066)",0.7920800215696552
211,474.46692607003934,18.609485139471587,14.0,"(203.42857142857142, 2283.285714285714)",0.6368825597552185
212,-75786.13888888888,nan,404.0,"(221.93069306930693, 643.5816831683169)",0.7603566247372131
213,-85212.796812749,nan,59.0,"(210.01694915254237, 1512.7796610169491)",0.9662706441576632
214,4127.515267175579,16.26077827914969,82.0,"(208.9390243902439, 2067.987804878049)",0.6195262913160685
215,-347722.8125,nan,1012.0,"(222.53754940711462, 48.216403162055336)",0.7331810206589882
216,-2349.090196078432,nan,9.0,"(208.77777777777777, 47.44444444444444)",0.7527288942229057
217,-5929.976744186046,nan,10.0,"(208.7, 1170.3)",0.9228502290998094
218,-3526.972332015812,nan,14.0,"(211.14285714285714, 1352.642857142857)",0.9338283404056181
219,672.354330708662,18.231004483600486,13.0,"(210.53846153846155, 190.84615384615384)",0.6281800841067126
220,544.7142857142899,18.459578086851458,38.0,"(212.5, 1196.342105263158)",0.757149851740463
221,-6261.886274509801,nan,29.0,"(212.58620689655172, 887.5862068965517)",0.7237108090050096
222,1117.7015503875991,17.679185366623113,21.0,"(213.1904761904762, 247.38095238095238)",0.5000328562842563
223,1958.877952755909,17.069981554341666,57.0,"(214.9298245614035, 528.1754385964912)",0.772815012242476
224,243.93700787401576,19.331805768831927,12.0,"(212.83333333333334, 940.0833333333334)",0.2942795180390203
225,-2437.9609375,nan,25.0,"(215.84, 1046.88)",0.6925918476813739
226,-12605.41860465116,nan,14.0,"(216.0, 76.85714285714286)",0.8590799446405009
227,6739.374501992032,15.728451023846857,89.0,"(217.8876404494382, 564.2359550561798)",0.7203056343449232
228,-2525.4728682170535,nan,23.0,"(215.6086956521739, 727.7391304347826)",0.863127315154225
229,2131.0390625,16.978521473705207,44.0,"(218.6818181818182, 253.72727272727272)",0.5625062652704288
230,-6462.435294117648,nan,16.0,"(216.6875, 1661.375)",0.8260750431727606
231,-9329.64,nan,22.0,"(219.5909090909091, 207.95454545454547)",0.633658451409536
232,-8943.165384615382,nan,11.0,"(218.0, 1353.909090909091)",0.809311284962921
233,-6525.46875,nan,26.0,"(219.76923076923077, 401.5)",0.7255754016636893
234,-9123.703125,nan,26.0,"(220.3846153846154, 576.4615384615385)",0.7000286077164867
235,-46842.31102362204,nan,35.0,"(222.62857142857143, 1340.3714285714286)",0.9497386891095079
236,-3757.2828685258864,nan,189.0,"(229.9047619047619, 98.25396825396825)",0.6189141612508322
237,369.91200000000026,18.87975394969712,9.0,"(223.22222222222223, 1358.0)",0.2357022603955159
238,-182790.38,nan,209.0,"(234.42105263157896, 1403.9952153110048)",0.7996363213151049
239,3747.5725490196055,16.36562487729734,73.0,"(228.57534246575344, 1131.835616438356)",0.718224087087351
240,-51187.86055776893,nan,94.0,"(228.9787234042553, 1828.5851063829787)",0.9211617332776835
241,798.4422310756927,18.044391251201475,29.0,"(228.06896551724137, 2078.206896551724)",0.7331254933050271
242,4534.0,16.158796210523754,74.0,"(233.8918918918919, 1088.7432432432433)",0.6172893295667443
243,-2636.264822134388,nan,9.0,"(234.55555555555554, 559.3333333333334)",0.8316410979672335
244,-53727.86770428019,nan,133.0,"(238.22556390977442, 447.65413533834584)",0.9100790324632368
245,-1960.33984375,nan,23.0,"(236.6086956521739, 680.304347826087)",0.6859347585957157
246,38743.17647058822,13.829511938192068,265.0,"(243.8, 900.7358490566038)",0.31078796269866865
247,-35601.634241245134,nan,18.0,"(238.66666666666666, 791.7777777777778)",0.9383329324970715
248,4809.117647058825,16.094836496261472,71.0,"(241.69014084507043, 880.6478873239437)",0.7235883304351453
249,-1395.288537549408,nan,9.0,"(239.55555555555554, 66.66666666666667)",0.8305567164038354
250,-2398.02734375,nan,24.0,"(241.33333333333334, 166.70833333333334)",0.9020153391985819
251,-15790.344961240306,nan,18.0,"(241.27777777777777, 989.3888888888889)",0.8259087354962521
252,72040.625,13.156056320111766,374.0,"(252.3475935828877, 756.6470588235294)",0.17726623866311672
253,1179.3490196078437,17.620894124118806,9.0,"(242.44444444444446, 1091.2222222222222)",0.7551636886177042
254,1115.198443579764,17.681619613415542,42.0,"(244.21428571428572, 1500.595238095238)",0.521678650858141
255,-2048.7261904761835,nan,46.0,"(246.1304347826087, 1853.2826086956522)",0.7353102630378944
256,-11751.238095238095,nan,9.0,"(246.22222222222223, 633.2222222222222)",0.8469668274468692
257,726.4241245136182,18.14702435336649,9.0,"(246.66666666666666, 125.22222222222223)",0.31300087457733927
258,23794.253968253965,14.358819768195819,225.0,"(255.37333333333333, 1260.0666666666666)",0.30415315477602956
259,6192.474103585642,15.820339502304797,126.0,"(253.55555555555554, 1647.0079365079366)",0.5029519824678043
260,1094.4596774193487,17.70200058568978,36.0,"(250.52777777777777, 2067.972222222222)",0.6657942868269664
261,14835.561264822143,14.871740046589256,151.0,"(257.6158940397351, 138.58278145695365)",0.5127871909155415
262,534.861660079052,18.479396330149687,8.0,"(250.375, 569.125)",0.8565348226437695
263,2706.6294820717158,16.718927979806438,35.0,"(252.11428571428573, 790.7714285714286)",0.6484928573183365
264,-9561.112000000001,nan,10.0,"(250.4, 1370.0)",0.9483539389083369
265,15398.3359375,14.831315524566273,193.0,"(257.8031088082902, 1557.7253886010362)",0.7236203730474399
266,-13199.095617529882,nan,10.0,"(251.1, 408.8)",0.9286913252750864
267,-406.0078740157478,nan,37.0,"(253.1891891891892, 1114.027027027027)",0.551531384419977
268,1336.496062992126,17.485080790591308,48.0,"(253.1875, 1535.2291666666667)",0.5855142036421328
269,-5752.568548387095,nan,10.0,"(252.7, 497.0)",0.8748626265789478
270,-5987.2890625,nan,8.0,"(252.5, 1414.75)",0.9272704686870642
271,2097.039370078739,16.99598353989834,12.0,"(255.16666666666666, 1330.0833333333333)",0.7075293559561399
272,357.492000000002,18.91683418112389,20.0,"(257.2, 1606.15)",0.6100371550468735
273,4556.56589147287,16.153405862776026,60.0,"(261.3833333333333, 2258.733333333333)",0.613352791808016
274,-12673.383720930233,nan,9.0,"(257.8888888888889, 499.0)",0.9390588965689654
275,1839.84375,17.138047645457384,8.0,"(259.75, 74.75)",0.8519332209108986
276,12795.0,15.03239927444199,299.0,"(272.4916387959866, 373.6521739130435)",0.7145145824019384
277,-13056.0,nan,24.0,"(260.5, 1095.375)",0.8357627839343695
278,-3369.1961538461546,nan,12.0,"(262.0, 66.08333333333333)",0.8977359963471813
279,-9096.653225806454,nan,19.0,"(264.5263157894737, 446.0)",0.5417749190239867
280,7609.44140625,15.59661805685386,74.0,"(265.27027027027026, 941.8108108108108)",0.7495507314798525
281,2842.6614173228445,16.6656871625441,74.0,"(267.3378378378378, 1574.8243243243244)",0.6838305680503604
282,12292.50592885376,15.07589893392807,94.0,"(270.4468085106383, 1082.127659574468)",0.49573929749442325
283,145.23809523809177,19.89479863846786,64.0,"(269.109375, 511.5)",0.8426832895487415
284,-241908.28571428568,nan,197.0,"(275.9137055837563, 423.7817258883249)",0.8924758313591161
285,22745.61354581674,14.407755859772603,127.0,"(274.2755905511811, 1115.0393700787401)",0.7381197203140772
286,-2150.3636363636324,nan,26.0,"(271.38461538461536, 5.615384615384615)",0.7848264598808059
287,-3755.954198473286,nan,21.0,"(269.95238095238096, 538.952380952381)",0.7950033089082971
288,-6460.20233463035,nan,9.0,"(270.22222222222223, 389.6666666666667)",0.9436973087177914
289,-2862.984126984127,nan,9.0,"(270.55555555555554, 806.8888888888889)",0.5434704752938868
290,1563.6319999999978,17.314663625592424,63.0,"(272.6031746031746, 1867.015873015873)",0.5239763904233029
291,-28096.600000000006,nan,19.0,"(271.4736842105263, 1224.3157894736842)",0.9435956133351955
292,-1933.393700787401,nan,16.0,"(273.5, 897.375)",0.6986197241759888
293,-3054.5859375,nan,15.0,"(273.6666666666667, 2180.133333333333)",0.17318262288224676
294,-6579.901574803149,nan,9.0,"(275.3333333333333, 2022.0)",0.8802566520314323
295,233740.10980392166,11.878166890694256,671.0,"(292.32190760059615, 2210.3949329359166)",0.598054280441999
296,3907.357142857145,16.320292228219472,79.0,"(283.69620253164555, 2180.9240506329115)",0.672386913395011
297,-22474.368421052626,nan,24.0,"(282.9583333333333, 566.0)",0.918680331746794
298,5821.103999999992,15.8874866038224,86.0,"(286.5813953488372, 703.953488372093)",0.7912056008553054
299,2570.236220472434,16.775067401269766,73.0,"(290.0, 593.8082191780821)",0.20673692880772845
300,-4683.3372093023245,nan,13.0,"(286.84615384615387, 915.0)",0.6552166477327017
301,1560.1141732283431,17.317109044196165,42.0,"(288.23809523809524, 1839.2142857142858)",0.4825535570740652
302,-10029.4296875,nan,10.0,"(286.3, 604.2)",0.9601013685247514
303,-12928.650793650791,nan,17.0,"(287.94117647058823, 456.3529411764706)",0.8420585479088899
304,-2695.8031496063013,nan,16.0,"(292.3125, 641.125)",0.5274880977157046
305,-6504.835294117649,nan,10.0,"(290.9, 901.6)",0.8726733184426262
306,-83094.27419354842,nan,155.0,"(298.7032258064516, 214.00645161290322)",0.8816505238698128
307,-3124.4409448818897,nan,8.0,"(294.625, 460.375)",0.7905694150420949
308,-6255.103585657369,nan,18.0,"(294.77777777777777, 627.1111111111111)",0.6646022370094867
309,-78055.50597609556,nan,122.0,"(302.7704918032787, 905.9590163934427)",0.9158835960622782
310,5071.259842519692,16.037210340973374,96.0,"(302.2916666666667, 1994.4791666666667)",0.7064860993617509
311,21787.42857142858,14.454485059209784,242.0,"(306.44628099173553, 752.8842975206611)",0.4941559295537902
312,6974.728346456686,15.69118175685001,35.0,"(307.8285714285714, 1486.7142857142858)",0.8070213622299723
313,-10072.359683794468,nan,8.0,"(306.375, 488.875)",0.9497352948879553
314,-9344.71875,nan,66.0,"(309.75757575757575, 898.5)",0.6857489634196369
315,213.04761904761835,19.478808287433274,10.0,"(307.9, 1809.5)",0.6514229800810485
316,330.4724409448827,19.002161879361164,17.0,"(311.1764705882353, 117.41176470588235)",0.4524884690110046
317,2767.0282258064544,16.694966026750556,60.0,"(313.01666666666665, 1505.2833333333333)",0.6743875739868963
318,10167.87644787645,15.281924349076577,131.0,"(318.42748091603056, 2097.4885496183206)",0.5485333252166167
319,716.6949806949779,18.161664092649602,35.0,"(318.1142857142857, 1805.057142857143)",0.4375787801421384
320,-3028.288537549408,nan,15.0,"(318.53333333333336, 470.8666666666667)",0.42939439554755127
321,-312620.2196078432,nan,290.0,"(328.80689655172415, 978.7793103448275)",0.9302440615335792
322,905358.7131474104,10.407948286036344,1289.0,"(334.96819239720713, 1464.598913886734)",0.759393172100716
323,1644.5903614457857,17.259855648415993,50.0,"(320.72, 2189.02)",0.516473224266945
324,-4832.5625,nan,55.0,"(322.58181818181816, 2223.4363636363637)",0.5019758529303084
325,376.2992125984256,18.86116672608791,8.0,"(320.375, 1830.625)",0.7834311777070759
326,-1605.7312252964439,nan,12.0,"(322.1666666666667, 62.75)",0.9221094778495711
327,22365.52713178296,14.426052153774506,483.0,"(336.01656314699795, 1669.1076604554864)",0.818389488652458
328,10258.552941176458,15.272284739869507,111.0,"(330.8018018018018, 25.81981981981982)",0.7167946811020449
329,851.960629921261,17.973951185040427,38.0,"(328.3157894736842, 441.55263157894734)",0.6493075016156771
330,30554.845238095237,14.087299779157677,184.0,"(331.6467391304348, 2260.021739130435)",0.6285867294965144
331,12511.152000000002,15.05675674890617,128.0,"(332.2265625, 941.1015625)",0.594597420794513
332,2739.9209486166073,16.705654917834842,27.0,"(328.55555555555554, 1186.3333333333333)",0.8298817792849144
333,65457.86274509801,13.260095447202003,468.0,"(340.3397435897436, 1982.3696581196582)",0.5743514134299643
334,2550.7649402390452,16.78332390233937,45.0,"(333.6, 633.0222222222222)",0.7299445353481849
335,-3115.011857707512,nan,9.0,"(331.3333333333333, 643.4444444444445)",0.8761480985024558
336,-6169.7716535433065,nan,17.0,"(333.1764705882353, 508.47058823529414)",0.8049908270112416
337,773.3166023165977,18.0791066646587,32.0,"(333.6875, 1924.21875)",0.5930315860555192
338,22438.082677165337,14.422535640186556,205.0,"(341.00975609756097, 138.64878048780488)",0.48567408304915344
339,515.5091743119265,18.519409003363428,20.0,"(336.85, 2297.35)",0.6425960910367652
340,146.6129032258068,19.884569515690714,10.0,"(337.0, 1961.3)",0.7236187856513996
341,761.8431372549021,18.09533610064551,33.0,"(339.54545454545456, 1580.7878787878788)",0.47479903356206915
342,-1849.582677165352,nan,53.0,"(341.8301886792453, 918.5471698113207)",0.8024304622550519
343,-56415.4347826087,nan,143.0,"(347.034965034965, 1002.7902097902098)",0.838600598247521
344,263.7586206896558,19.24698334244166,8.0,"(340.25, 2302.625)",0.9058142134119008
345,30017.618320610694,14.106559422074763,179.0,"(347.01675977653633, 83.04469273743017)",0.6479998020323546
346,-3258.9607843137273,nan,15.0,"(343.6, 1504.6666666666667)",0.689673953843687
347,3369.042801556425,16.481233678868293,79.0,"(348.2278481012658, 2228.3291139240505)",0.6269939332089667
348,-3091.091633466138,nan,21.0,"(346.9047619047619, 256.6666666666667)",0.4311993638192367
349,2225.28571428571,16.931535550278987,73.0,"(349.1095890410959, 434.3150684931507)",0.6186634527707896
350,812.09375,18.025984579737383,43.0,"(349.2325581395349, 1831.5348837209303)",0.5946557825321755
351,-6376.46875,nan,19.0,"(347.42105263157896, 1263.6842105263158)",0.8034050595232847
352,-2988.0592885375518,nan,11.0,"(347.3636363636364, 1332.090909090909)",0.8024691209433484
353,520.777777777781,18.50836888979778,34.0,"(350.38235294117646, 943.9705882352941)",0.7332960482885307
354,23689.165354330675,14.363625601506108,341.0,"(359.47800586510266, 2147.7214076246332)",0.5845915431691788
355,395.96414342629396,18.805860349688466,10.0,"(351.8, 221.1)",0.8296545749843498
356,539179.0862745098,10.970667403995849,1143.0,"(369.6517935258093, 881.5546806649169)",0.47616231328366754
357,-3140.078125,nan,16.0,"(353.75, 1906.5)",0.6752714942839871
358,-5535.1627906976755,nan,8.0,"(354.125, 97.875)",0.8866672179230541
359,790.4980694980695,18.055247965839108,38.0,"(356.10526315789474, 1776.921052631579)",0.6188638914239328
360,5815.934865900374,15.888451164733985,67.0,"(358.97014925373134, 1104.910447761194)",0.7147104643192648
361,1844.248031496063,17.13545167856084,17.0,"(358.4117647058824, 969.1764705882352)",0.7308417355062012
362,8550.5503875969,15.470014823529556,57.0,"(359.6140350877193, 1124.8070175438597)",0.7644820741142005
363,3438.1814671814645,16.45917801246468,100.0,"(361.36, 1385.76)",0.373171678908193
364,-289983.4,nan,384.0,"(367.2604166666667, 321.1875)",0.9294773934082581
365,1523.73333333333,17.34272757920249,46.0,"(360.6304347826087, 1439.1739130434783)",0.6519432624613063
366,1145.16015625,17.652834427171392,42.0,"(360.4047619047619, 814.7142857142857)",0.7219531931219839
367,924.4330708661437,17.885311315928632,30.0,"(364.6333333333333, 788.6)",0.7208647787158774
368,10116.960000000006,15.287374917743492,119.0,"(368.56302521008405, 2282.0420168067226)",0.46141677061196107
369,15694.964285714275,14.810599170527059,80.0,"(366.8, 1034.0125)",0.8142847212642528
370,9234.02307692307,15.386522611074762,181.0,"(369.939226519337, 1977.0718232044198)",0.4456188528688237
371,1036.087786259537,17.76150861467939,38.0,"(368.0263157894737, 2182.0789473684213)",0.7595680608257492
372,-3486.0909090909117,nan,12.0,"(368.4166666666667, 1013.0833333333334)",0.9358349569863764
373,49005.20703125,13.574394429275994,292.0,"(377.8904109589041, 566.8869863013699)",0.3889753763021886
374,-14697.032000000007,nan,37.0,"(368.94594594594594, 699.5945945945946)",0.9144637381751154
375,-13291.426877470356,nan,16.0,"(370.0625, 419.8125)",0.7962567717144736
376,3916.264822134399,16.317819871013548,66.0,"(373.3636363636364, 680.9848484848485)",0.6281522075071762
377,10888.767441860458,15.207553193974624,87.0,"(372.62068965517244, 935.2183908045977)",0.7497232416518915
378,-1509774.3622047245,nan,711.0,"(389.0520393811533, 681.817158931083)",0.9682304178142268
379,4657.861660079056,16.129533535723013,65.0,"(374.2923076923077, 772.0615384615385)",0.5948495529095996
380,1589.212598425198,17.29704500187321,29.0,"(373.37931034482756, 987.4137931034483)",0.7477712115909859
381,-1311.6627450980413,nan,14.0,"(372.92857142857144, 1088.642857142857)",0.5927700911815986
382,5326.14229249012,15.98396808797505,27.0,"(372.0740740740741, 1122.4444444444443)",0.7771493202118378
383,-2257.184313725491,nan,50.0,"(373.84, 1528.94)",0.8038000132672517
384,17461.692913385836,14.694784134207758,152.0,"(377.88157894736844, 1576.6842105263158)",0.5411824513394168
385,20280.30859375,14.53231360219992,152.0,"(378.6644736842105, 138.31578947368422)",0.7590876520071582
386,-3682.6171875,nan,11.0,"(373.72727272727275, 1026.8181818181818)",0.7722242389548244
387,9039.887159533071,15.409592476438245,114.0,"(376.8070175438597, 1605.622807017544)",0.5022284371159826
388,-21732.60956175298,nan,33.0,"(375.8787878787879, 1049.2121212121212)",0.8630564866117932
389,-15613.88888888889,nan,16.0,"(375.875, 172.5625)",0.8801267797737291
390,728.125,18.144485143234718,31.0,"(377.83870967741933, 1925.967741935484)",0.7399375761536406
391,14915.581395348854,14.865899533952803,148.0,"(382.2905405405405, 89.25675675675676)",0.7579648158263526
392,-2127.1417322834677,nan,25.0,"(382.64, 823.36)",0.6498910446050227
393,1158.4444444444453,17.640311972120813,37.0,"(382.9189189189189, 1797.5945945945946)",0.7089311650169763
394,610.7061068702315,18.33541934293328,23.0,"(384.04347826086956, 514.0869565217391)",0.7071486244607275
395,-5715.3914728682175,nan,10.0,"(382.8, 716.4)",0.7533270385028119
396,-1756.7937743190632,nan,40.0,"(387.7, 926.325)",0.6335953637227801
397,-110445.171875,nan,84.0,"(388.54761904761904, 596.4047619047619)",0.9040064202396919
398,-18930.150197628456,nan,12.0,"(388.4166666666667, 861.4166666666666)",0.9022394754893385
399,-3052.4523809523816,nan,8.0,"(388.25, 185.875)",0.6992747975054386
400,800.8400000000001,18.041135607598598,24.0,"(390.9166666666667, 1085.75)",0.6528727016065082
401,8117.0,15.526511135082236,100.0,"(394.68, 297.31)",0.5087584394263577
402,946.6007905138322,17.859582842962766,29.0,"(390.13793103448273, 356.6896551724138)",0.7605840755749914
403,3652.4800000000105,16.393530383667883,60.0,"(392.0833333333333, 521.7166666666667)",0.5261270150835984
404,46.4600000000064,21.13230198633931,52.0,"(392.90384615384613, 798.7692307692307)",0.6977464140314634
405,-6204.326693227093,nan,17.0,"(389.94117647058823, 964.2352941176471)",0.7749324926502273
406,1857.501976284584,17.127676788751533,40.0,"(392.475, 1273.075)",0.701150852753066
407,1385.741312741302,17.445794588334046,114.0,"(395.37719298245617, 1737.2631578947369)",0.6556789407359664
408,-3156.0313725490196,nan,9.0,"(391.55555555555554, 614.2222222222222)",0.7332275329386077
409,-14495.5,nan,39.0,"(393.71794871794873, 15.384615384615385)",0.8390606883771501
410,-4562.929961089496,nan,34.0,"(393.88235294117646, 789.1470588235294)",0.7103067055638277
411,11255.433734939754,15.171594411351801,152.0,"(399.92763157894734, 2205.2631578947367)",0.5212809649623846
412,288.4883720930229,19.1496792174284,15.0,"(396.26666666666665, 1853.2666666666667)",0.6586031674567812
413,2269.1875,16.91032404361619,70.0,"(398.8142857142857, 1922.3714285714286)",0.45126583089055156
414,-9116.49411764706,nan,18.0,"(397.8333333333333, 948.8888888888889)",0.5783462780184054
415,2365.1968503937096,16.86533176999827,73.0,"(400.63013698630135, 1411.6849315068494)",0.46400410639052597
416,-3181.393700787401,nan,10.0,"(397.3, 1631.9)",0.8861106509000318
417,4896.149606299208,16.07536330099328,82.0,"(401.3780487804878, 1763.4634146341464)",0.7227975346693833
418,844.8677042801573,17.983028227031873,18.0,"(399.3888888888889, 2262.222222222222)",0.6031273656989244
419,-2995.75,nan,15.0,"(400.2, 1268.1333333333334)",0.7692384135126614
420,7137.4803149606305,15.666137691301584,97.0,"(407.340206185567, 1187.0103092783504)",0.5129120710046863
421,2168.9529411764815,16.959374676452633,67.0,"(405.7910447761194, 1455.55223880597)",0.6212474842213825
422,-28581.266159695835,nan,110.0,"(407.03636363636366, 1996.9363636363637)",0.8979653491371058
423,3636.5433070866166,16.39827809027347,27.0,"(406.3333333333333, 976.0)",0.7232389720146634
424,1411.7549407114566,17.425601709225685,32.0,"(407.96875, 528.8125)",0.5942113604245297
425,-5522.549618320609,nan,16.0,"(407.0, 1166.0625)",0.8894541783465811
426,-283.6124031007712,nan,26.0,"(409.11538461538464, 1003.0)",0.7246649716775679
427,-9181.83720930232,nan,17.0,"(407.4117647058824, 2266.470588235294)",0.875286900732646
428,-24151.232558139527,nan,36.0,"(409.3888888888889, 297.25)",0.8753798541793706
429,123.02390438246948,20.075026234963858,9.0,"(407.77777777777777, 1478.111111111111)",0.7869526281849771
430,1434.5252918287952,17.408229475978118,40.0,"(412.6, 1539.775)",0.4695901473203047
431,-17696.700787401576,nan,27.0,"(414.8888888888889, 160.33333333333334)",0.6495731332048817
432,466.4103585657358,18.628079532104255,12.0,"(413.9166666666667, 442.3333333333333)",0.8305071931468501
433,193.19767441860313,19.584995264072106,9.0,"(413.1111111111111, 1618.0)",0.8808155784873766
434,-3343.705179282868,nan,9.0,"(414.8888888888889, 1371.2222222222222)",0.6523280730534422
435,-17151.685039370088,nan,152.0,"(421.6907894736842, 364.5131578947368)",0.8274958038113722
436,1992.9291338582698,17.05127036002436,43.0,"(417.5581395348837, 1130.8139534883721)",0.8204203843363855
437,1006.209486166008,17.793278981563315,36.0,"(418.52777777777777, 2031.6666666666667)",0.6015266629926307
438,116492.68897637795,12.634253324724714,465.0,"(427.3741935483871, 2276.425806451613)",0.29759479350001444
439,-11832.194029850747,nan,16.0,"(420.75, 0.5)",0.9661522525385631
440,-2125.242307692308,nan,23.0,"(420.0869565217391, 149.08695652173913)",0.754824194828528
441,17492.027027027012,14.692899650739683,178.0,"(424.97752808988764, 276.14044943820227)",0.5045553010828949
442,-4459.556862745114,nan,144.0,"(427.2083333333333, 929.4652777777778)",0.7667942759245617
443,41822.262745098036,13.746481184706575,386.0,"(432.1761658031088, 1443.1865284974094)",0.5260437545965777
444,-9879.44881889764,nan,11.0,"(422.3636363636364, 326.45454545454544)",0.9324317990049413
445,2205638.0787401577,9.441164372646561,1526.0,"(445.8564875491481, 1645.502621231979)",0.6763854249294046
446,1317.75,17.500417437782513,45.0,"(425.7111111111111, 1503.7555555555555)",0.618375659150806
447,-15097.872509960158,nan,79.0,"(430.126582278481, 1271.7721518987341)",0.6666203262619369
448,-30098.96323529411,nan,24.0,"(428.0, 1148.0)",0.8789347887636556
449,4916.308880308876,16.07090209802803,75.0,"(429.0133333333333, 1986.1466666666668)",0.6109348075193302
450,-2591.616279069767,nan,22.0,"(428.8636363636364, 437.95454545454544)",0.7923361106816528
451,-2677.7248062015497,nan,28.0,"(429.7142857142857, 647.75)",0.7864277910748481
452,563.5581395348818,18.42265318317649,15.0,"(429.2, 486.4)",0.903837934854456
453,-1267.698841698846,nan,74.0,"(432.5810810810811, 690.472972972973)",0.7946244925031861
454,169191.81818181812,12.22905160626263,736.0,"(443.3709239130435, 1119.15625)",0.7285978921694632
455,-3375.69260700389,nan,45.0,"(434.02222222222224, 1206.8444444444444)",0.7500047553532986
456,1208.7786561264802,17.59413304276856,36.0,"(434.3611111111111, 1238.0555555555557)",0.7815093247664715
457,1377.9090909090883,17.45194858636656,31.0,"(434.1290322580645, 1607.6129032258063)",0.6738859104935995
458,4047.5521235521155,16.282018874456668,93.0,"(438.21505376344084, 473.31182795698925)",0.5917874185535684
459,932.118110236217,17.876322634957603,30.0,"(436.46666666666664, 1414.8333333333333)",0.7826435365139902
460,-3118.5277777777774,nan,17.0,"(436.3529411764706, 1842.8823529411766)",0.4987507944337885
461,-3376.857142857143,nan,8.0,"(435.875, 559.25)",0.6992747975054386
462,-28547.714285714283,nan,14.0,"(438.64285714285717, 1094.5)",0.9586712070223926
463,792.6216216216199,18.052335212218544,40.0,"(438.325, 1364.775)",0.7556708459040725
464,563.0583657587558,18.423616461303467,20.0,"(438.7, 1554.75)",0.43961625521789394
465,-40839.5652173913,nan,65.0,"(441.4153846153846, 2217.876923076923)",0.8421127099853363
466,2423.3463035019377,16.838961298588032,77.0,"(442.24675324675326, 850.2727272727273)",0.5103148914691275
467,-2055.826923076922,nan,13.0,"(438.9230769230769, 1181.076923076923)",0.8444239656269086
468,7659.703125,15.589470156098923,65.0,"(443.3076923076923, 1086.2)",0.7019962815739423
469,-195732.92063492065,nan,151.0,"(446.4370860927152, 1249.046357615894)",0.8699598950055246
470,364.730158730159,18.89507081087814,10.0,"(446.0, 215.8)",0.6823040893123092
471,332.4645669291349,18.995636584226617,12.0,"(447.4166666666667, 2135.8333333333335)",0.7802682529565235
472,-5852.697211155377,nan,19.0,"(447.6842105263158, 2227.9473684210525)",0.8324563534824241
473,707.5839999999989,18.175554989964976,23.0,"(451.04347826086956, 177.43478260869566)",0.5247543093605874
474,1388.8720930232594,17.443344370990733,48.0,"(452.2083333333333, 413.6041666666667)",0.6171192947269655
475,-59061.47035573123,nan,21.0,"(451.4761904761905, 812.9047619047619)",0.92198099143089
476,-16958.317647058822,nan,19.0,"(453.2105263157895, 1437.5263157894738)",0.8913687425953255
477,735.8031496062977,18.13309589375711,29.0,"(454.41379310344826, 2284.1724137931033)",0.599446968716583
478,-23248.434782608703,nan,33.0,"(456.1818181818182, 1516.7575757575758)",0.8783858358753803
479,-5794.174418604642,nan,174.0,"(464.2758620689655, 251.58045977011494)",0.8300476806474639
480,5328.92913385827,15.983400137837835,89.0,"(460.685393258427, 828.123595505618)",0.6339407371861605
481,1391.53125,17.441267590374494,40.0,"(459.225, 854.725)",0.6187222633901414
482,-3198.24705882353,nan,18.0,"(457.94444444444446, 1556.1666666666667)",0.6217823771771164
483,-70488.6837944664,nan,74.0,"(463.7162162162162, 183.8783783783784)",0.8848108196987238
484,273.23552123552145,19.20865710513931,19.0,"(459.10526315789474, 2009.0526315789473)",0.38038734700573
485,-12507.513944223108,nan,10.0,"(458.8, 69.9)",0.8993159047244078
486,-2718.7007874015762,nan,22.0,"(461.8636363636364, 748.4090909090909)",0.6459442299027249
487,14437.57142857142,14.901264635315048,236.0,"(468.385593220339, 2024.0211864406779)",0.6653006224499897
488,184.5294117647063,19.63483600670132,17.0,"(461.70588235294116, 2043.4117647058824)",0.3009741237957311
489,210.6889763779527,19.490895467143357,8.0,"(461.625, 1442.625)",0.20412414523193195
490,-23734.369230769233,nan,16.0,"(465.4375, 450.5)",0.9457480055112427
491,13316.66135458168,14.989011610779823,178.0,"(469.0449438202247, 2156.567415730337)",0.7355608905892139
492,4474.119691119689,16.17323100472369,90.0,"(470.4555555555556, 1559.4555555555555)",0.41907217753029935
493,-306912.8774703557,nan,771.0,"(479.78728923476007, 1187.9792477302205)",0.8850953528665733
494,55581.41538461554,13.437675995196471,803.0,"(483.90535491905354, 965.0909090909091)",0.7029628288086125
495,1411.0079365079364,17.426176358647602,47.0,"(474.1063829787234, 698.4468085106383)",0.6148219567562643
496,-6588.984251968504,nan,11.0,"(471.8181818181818, 2135.181818181818)",0.88992297901948
497,2721.640316205536,16.712923175980816,68.0,"(476.45588235294116, 1909.8676470588234)",0.5290578668058641
498,-2416.346303501945,nan,24.0,"(475.875, 476.9583333333333)",0.6456838459978628
499,1534.3125,17.335215441900413,62.0,"(478.33870967741933, 922.7258064516129)",0.5644094996215362
500,20168.056818181823,14.538339859549268,152.0,"(480.0263157894737, 1691.9934210526317)",0.4839534802295418
501,481.74409448818915,18.59295900121377,17.0,"(476.8235294117647, 1766.0588235294117)",0.6429334447831864
502,7431.222222222219,15.622349378548309,128.0,"(482.6640625, 593.1015625)",0.7801442604909302
503,16494.653543307097,14.756642005057145,190.0,"(485.63157894736844, 1086.8947368421052)",0.6249187450232038
504,-2982.494163424124,nan,9.0,"(480.77777777777777, 780.3333333333334)",0.5886140160896226
505,-2680.2868217054274,nan,21.0,"(483.0952380952381, 232.0)",0.8620053809911168
506,1292.6705882352944,17.521280331144673,28.0,"(483.7857142857143, 2050.5714285714284)",0.42960370588010605
507,-12234.960159362548,nan,24.0,"(485.2083333333333, 374.9166666666667)",0.8951813416933032
508,205.57421875,19.51757837882072,8.0,"(484.25, 2067.75)",0.7384255845247096
509,-3183.2682926829257,nan,14.0,"(487.0, 458.5)",0.7035205171416814
510,4520.167315175087,16.162113723418216,83.0,"(491.2289156626506, 741.6626506024096)",0.40413047543772873
511,-2117.873015873014,nan,24.0,"(487.75, 806.125)",0.5160645979016348
512,470.4488188976393,18.618719043659752,16.0,"(487.875, 1641.6875)",0.7917769634227891
513,8778.624521072794,15.441433815503686,76.0,"(491.5263157894737, 53.53947368421053)",0.8009853507178374
514,-6142.138339920948,nan,11.0,"(488.90909090909093, 234.8181818181818)",0.8852160378850524
515,899.4785992217876,17.915022912787325,29.0,"(490.7931034482759, 2178.6206896551726)",0.6878048018087618
516,5495.74803149607,15.949932967454675,72.0,"(494.6111111111111, 181.47222222222223)",0.6283427072544981
517,-10207.45882352941,nan,12.0,"(491.6666666666667, 465.1666666666667)",0.7702287532970614
518,3281.118110236217,16.50994534014231,66.0,"(494.5151515151515, 2048.1666666666665)",0.5460299305139733
519,2420.6456692913343,16.840171943303606,35.0,"(493.8285714285714, 164.28571428571428)",0.6984215003311975
520,224.5907335907341,19.421520415749967,8.0,"(492.75, 310.625)",0.747102836415358
521,-15675.003952569168,nan,11.0,"(493.8181818181818, 852.0909090909091)",0.9427685297753848
522,-3067.543307086613,nan,11.0,"(493.6363636363636, 1281.0)",0.6143124761825225
523,2924.456692913387,16.63488701385731,93.0,"(497.494623655914, 1761.6129032258063)",0.5975973705010683
524,-3124.7007874015762,nan,10.0,"(496.7, 246.9)",0.8744746321952062
525,-6497.919999999998,nan,16.0,"(500.0, 216.4375)",0.6230544106042457
526,1525.139534883725,17.341726052337513,73.0,"(503.36986301369865, 459.2054794520548)",0.4124631172354647
527,5299.117647058825,15.989491096240933,120.0,"(505.4, 1646.6)",0.7640698842427084
528,8753.398406374501,15.444558260988149,125.0,"(505.336, 375.096)",0.626066307243659
529,3301.161290322576,16.50333314026038,93.0,"(506.01075268817203, 1016.5268817204301)",0.5483558406440994
530,15639.846153846156,14.814418808315795,146.0,"(508.972602739726, 880.0958904109589)",0.7621221745758667
531,6496.71428571429,15.768265580841755,102.0,"(507.7843137254902, 1058.9705882352941)",0.26147470365140857
532,1276.0308880308876,17.535347032024973,9.0,"(504.44444444444446, 35.44444444444444)",0.8271049045234626
533,-344.6705426356566,nan,40.0,"(506.25, 741.275)",0.6949387021513158
534,-9975.03112840467,nan,9.0,"(505.22222222222223, 481.3333333333333)",0.9027544217100398
535,-13224.451612903227,nan,10.0,"(510.0, 7.0)",0.9655648353107229
536,-2892.2857142857138,nan,9.0,"(511.55555555555554, 423.1111111111111)",0.8989535206092109
537,-9304.462151394422,nan,23.0,"(513.4782608695652, 1349.6521739130435)",0.6287363078656533
538,-3017.3798449612405,nan,12.0,"(511.8333333333333, 1440.0)",0.8173699516933096
539,-9996.494023904379,nan,22.0,"(515.8636363636364, 1589.2272727272727)",0.7347776735206349
540,3503.4488188976393,16.438760556588203,37.0,"(516.9459459459459, 79.1891891891892)",0.6636580424335998
541,-12970.31075697211,nan,14.0,"(517.7857142857143, 1405.857142857143)",0.842913218680847
542,33076.41935483867,14.001203776411364,258.0,"(523.5, 982.031007751938)",0.7668619369189239
543,-28490.941176470573,nan,80.0,"(518.775, 1216.25)",0.9181566476943884
544,-31191.3622047244,nan,24.0,"(519.8333333333334, 234.58333333333334)",0.9177976953250431
545,-6397.561151079135,nan,9.0,"(520.8888888888889, 1.4444444444444444)",0.9267636554270281
546,589.1789883268484,18.374381874093284,12.0,"(520.3333333333334, 225.25)",0.7294149953505685
547,1240.1912350597631,17.56627835578873,39.0,"(523.0512820512821, 871.2820512820513)",0.5744002004277823
548,-6422.53125,nan,18.0,"(525.5, 1351.1666666666667)",0.6902562953999204
549,373.60956175298634,18.868955043608743,21.0,"(526.0952380952381, 1651.8095238095239)",0.4637603121451794
550,913.8616600790556,17.897798856429986,34.0,"(527.4411764705883, 1579.6176470588234)",0.5862888263638805
551,-33601.230769230766,nan,34.0,"(532.8529411764706, 2.264705882352941)",0.8435790698568613
552,-5989.67578125,nan,30.0,"(531.2, 1018.2)",0.32836882762607317
553,-4175.75,nan,48.0,"(531.3333333333334, 1154.3541666666667)",0.6515068668512903
554,678.9055118110227,18.22047666354235,8.0,"(529.375, 1226.5)",0.6353272369503311
555,1595.8823529411748,17.292497819041696,63.0,"(535.6349206349206, 1190.1746031746031)",0.5553363841438023
556,-57867.77647058823,nan,58.0,"(535.4827586206897, 70.6896551724138)",0.8511072948976203
557,103422.97637795261,12.763457419892742,911.0,"(562.3172338090011, 310.12733260153675)",0.839432583500973
558,20899.444444444438,14.499663145717456,157.0,"(539.968152866242, 955.2292993630573)",0.5392534997269556
559,1170.186234817811,17.629362537264303,43.0,"(536.5348837209302, 1456.0232558139535)",0.4286924273182548
560,-2227.5511811023607,nan,12.0,"(537.5833333333334, 229.16666666666666)",0.7625047036694862
561,-9161.125490196078,nan,22.0,"(537.3181818181819, 435.8636363636364)",0.8653385662398182
562,8791.705882352951,15.439817123062792,149.0,"(542.771812080537, 974.4496644295302)",0.390585741510076
563,-3146.9465648854966,nan,48.0,"(543.9375, 55.9375)",0.8253988023651847
564,32558.5,14.018339029169077,317.0,"(551.3659305993691, 482.4763406940063)",0.7729438856892222
565,-1941.0413793103453,nan,9.0,"(542.3333333333334, 2.5555555555555554)",0.8077199031510277
566,1904.7960784313764,17.10037877930478,32.0,"(547.59375, 1328.6875)",0.5628737653010089
567,830.94422310757,18.00107031782487,31.0,"(548.2258064516129, 1773.8709677419354)",0.4850195499857657
568,3386.97265625,16.475470773732148,80.0,"(549.6375, 2061.7125)",0.5159433808516956
569,-8319.444444444445,nan,26.0,"(549.2692307692307, 163.1153846153846)",0.8732268407181557
570,2054.234375,17.018375019224763,64.0,"(551.34375, 353.765625)",0.8207586307207599
571,3192.8125,16.53956646234723,54.0,"(550.574074074074, 1093.4444444444443)",0.48063233566178043
572,1071.1294117647049,17.725395138466553,19.0,"(549.4736842105264, 457.7894736842105)",0.8048433571219232
573,-2699.232,nan,12.0,"(551.25, 585.0)",0.7114582486036498
574,43842.97233201581,13.695250026384794,333.0,"(559.3993993993994, 793.8558558558559)",0.35730788874159963
575,-9843.027777777777,nan,8.0,"(552.25, 257.125)",0.9228014412645875
576,285.484375,19.16104414093567,13.0,"(552.8461538461538, 730.9230769230769)",0.4683602036734526
577,9095.186046511628,15.402971032005098,16.0,"(553.125, 1293.875)",0.7340263361053128
578,471.8125,18.6155763932111,17.0,"(553.8235294117648, 2182.0)",0.8917496056214617
579,-4614.719367588928,nan,21.0,"(555.5238095238095, 52.095238095238095)",0.7848927934542365
580,470.01532567049435,18.61971995225851,30.0,"(556.0333333333333, 556.1)",0.6717462521056812
581,24468.234375,14.328493420394546,465.0,"(568.2967741935483, 1193.189247311828)",0.7789139549587536
582,452.0671936758881,18.661992520970404,11.0,"(554.4545454545455, 2289.090909090909)",0.8063010176019961
583,-6612.785714285717,nan,12.0,"(556.0833333333334, 1710.5)",0.6923892444896226
584,-2092.5476190476184,nan,51.0,"(558.3725490196078, 822.9803921568628)",0.7164458522901697
585,1234.875,17.570942503900934,17.0,"(556.5294117647059, 1079.764705882353)",0.8354554615908225
586,-702.5138339920959,nan,45.0,"(559.9111111111112, 500.8222222222222)",0.5121532021805879
587,-2750.646153846159,nan,28.0,"(560.5714285714286, 385.4642857142857)",0.3088342816187565
588,-5550.870078740154,nan,13.0,"(563.5384615384615, 138.69230769230768)",0.857631463351499
589,5975.326848249009,15.859095834941767,156.0,"(569.7435897435897, 577.5897435897435)",0.6383595885763649
590,311.05555555555475,19.06790509402081,16.0,"(563.6875, 1797.0)",0.7199344743023014
591,-55409.735999999975,nan,148.0,"(573.7567567567568, 726.1013513513514)",0.8777517953579608
592,-177578.3070866142,nan,141.0,"(572.1205673758865, 1447.3900709219859)",0.9129904901157563
593,288.21875,19.150694424205327,24.0,"(568.1666666666666, 1344.5)",0.5897610316280334
594,-22133.5905511811,nan,44.0,"(570.7727272727273, 423.20454545454544)",0.8522582037837012
595,2541.0629921259824,16.787461421992703,99.0,"(572.3535353535353, 607.929292929293)",0.40635688509778295
596,378.41176470588107,18.855088424944768,12.0,"(568.1666666666666, 1014.6666666666666)",0.7710872229424962
597,130.25096525096524,20.01304762397485,8.0,"(569.375, 649.25)",0.747102836415358
598,238.88188976378297,19.354541934894737,62.0,"(575.4193548387096, 271.64516129032256)",0.8119010924885561
599,630.7674418604656,18.300326829041335,14.0,"(571.2857142857143, 977.7142857142857)",0.4455034034019811
600,4233.031746031746,16.23337118620057,51.0,"(574.0784313725491, 152.58823529411765)",0.6236866011433105
601,53079.361867704254,13.487685767410898,299.0,"(584.0535117056857, 84.1371237458194)",0.3156107809693043
602,6833.75,15.713352282750966,112.0,"(577.8035714285714, 338.29464285714283)",0.725128735025632
603,24098.46875,14.345026380549646,202.0,"(582.6584158415842, 1741.1534653465346)",0.3907760276395116
604,-19456.660079051384,nan,26.0,"(581.8461538461538, 2272.269230769231)",0.5892377289904136
605,-1667.7019607843104,nan,17.0,"(582.8823529411765, 23.823529411764707)",0.381362621667172
606,2120.2209302325573,16.98404720642611,37.0,"(582.3513513513514, 408.81081081081084)",0.7515643201080504
607,-9659.560311284047,nan,9.0,"(582.2222222222222, 1472.6666666666667)",0.9027544217100397
608,916.265625,17.894946515751748,24.0,"(585.7083333333334, 2284.6666666666665)",0.7187367619340355
609,14123.509803921566,14.925143410643056,148.0,"(593.2635135135135, 520.5472972972973)",0.5867517056426029
610,-3118.8611111111095,nan,9.0,"(587.5555555555555, 860.8888888888889)",0.8343419056856601
611,2997.122047244091,16.608238928951025,64.0,"(590.171875, 1386.09375)",0.5309744904447165
612,-8997.185483870966,nan,10.0,"(587.7, 1155.0)",0.9164383752036886
613,768.9839999999967,18.085206740821526,135.0,"(594.7777777777778, 639.0)",0.7299339909377016
614,12176.7890625,15.086168042862328,142.0,"(595.2394366197183, 910.2042253521126)",0.6122071215264788
615,-2338.426294820718,nan,12.0,"(593.9166666666666, 171.66666666666666)",0.9327902910368311
616,-12240.2890625,nan,22.0,"(595.6818181818181, 1178.8181818181818)",0.5585999565598805
617,227.177419354839,19.40908709544115,11.0,"(595.0, 1894.7272727272727)",0.7398222669132122
618,1190.6147859922203,17.61057182084955,40.0,"(596.875, 2158.95)",0.7815840622491549
619,-30850.66666666667,nan,40.0,"(600.5, 325.35)",0.8522836513473728
620,657.4741035856568,18.255303370940904,19.0,"(601.0526315789474, 334.6842105263158)",0.6656632921216403
621,3800.0666666666657,16.35052196062147,109.0,"(604.3853211009174, 965.3577981651376)",0.6020058835005705
622,-13089.385826771657,nan,17.0,"(601.5882352941177, 1137.8235294117646)",0.9114515578606963
623,1369.5359999999928,17.458566368189423,59.0,"(605.9661016949152, 865.2542372881356)",0.5964309791180179
624,1015.125,17.783701191254437,32.0,"(606.3125, 559.6875)",0.42870350960330983
625,4655.059523809527,16.130186903410817,65.0,"(607.0307692307692, 669.6615384615385)",0.5343629979194192
626,119.65476190476329,20.105175032684656,9.0,"(606.1111111111111, 235.44444444444446)",0.5665577237325317
627,1645.3858267716569,17.259330619983352,48.0,"(609.5208333333334, 814.9166666666666)",0.606062284710093
628,145968.32142857148,12.38935346535988,643.0,"(617.9735614307932, 1969.3312597200622)",0.6988972370724145
629,319.5,19.038822843763953,19.0,"(607.0, 2021.4736842105262)",0.6300651376380736
630,4150.147410358564,16.254841192937647,88.0,"(612.3068181818181, 686.9886363636364)",0.7756683982528214
631,-9701.039525691696,nan,13.0,"(606.9230769230769, 1184.3846153846155)",0.8960296440641118
632,375.3618677042796,18.86387462155338,21.0,"(608.8095238095239, 1426.3333333333333)",0.7452719081035892
633,1233.6932270916368,17.571982048780715,40.0,"(608.775, 1714.15)",0.6372309175725661
634,147.72509960159368,19.876364271327958,9.0,"(610.1111111111111, 522.7777777777778)",0.3586732600456055
635,-6215.241245136189,nan,19.0,"(609.421052631579, 781.2631578947369)",0.8919133255293387
636,-5527.496062992126,nan,25.0,"(612.16, 191.36)",0.8344080960601308
637,3276.9047619047633,16.511340451304722,78.0,"(615.8846153846154, 645.2435897435897)",0.6768235202224847
638,91395.52529182879,12.897687666809812,561.0,"(625.7183600713013, 880.2281639928699)",0.6263892276442444
639,-1389.482758620692,nan,31.0,"(614.9032258064516, 992.0322580645161)",0.584317042499679
640,51042.96442687744,13.530160277485999,674.0,"(628.3590504451039, 150.12017804154303)",0.3929223378360854
641,-115958.36470588238,nan,293.0,"(621.9488054607508, 1648.8293515358362)",0.8481636434192402
642,-79011.68127490042,nan,101.0,"(619.4059405940594, 1900.019801980198)",0.8909913817087447
643,2197.51953125,16.945168140719204,84.0,"(622.7142857142857, 838.3452380952381)",0.5738544580546818
644,80776.12648221344,13.031792441784063,549.0,"(634.6010928961749, 58.55373406193078)",0.3957571618949681
645,-9789.053846153845,nan,13.0,"(621.9230769230769, 129.07692307692307)",0.8545569816477564
646,8795.293436293432,15.439374166628536,153.0,"(629.2614379084968, 280.37254901960785)",0.7197571989809138
647,720.8418972332001,18.15539994738525,34.0,"(626.4705882352941, 336.6470588235294)",0.3181820651736633
648,760.6395348837214,18.097052763786152,19.0,"(625.0, 901.1052631578947)",0.8704009550356537
649,954.1535433070894,17.850954331464692,44.0,"(626.1818181818181, 1457.0227272727273)",0.53746600745377
650,281.2156862745105,19.17740114483059,15.0,"(625.6666666666666, 2219.6)",0.7411805747891123
651,10089.228346456686,15.29035512149671,164.0,"(631.1280487804878, 211.66463414634146)",0.706854322066649
652,-2871.171875,nan,24.0,"(627.5, 1933.8333333333333)",0.7140191180259852
653,15779.992031872505,14.804733051060266,185.0,"(634.7459459459459, 1117.9027027027028)",0.514954300178083
654,233.0,19.381610197434952,10.0,"(628.7, 1476.8)",0.6734161653134542
655,-6505.189922480618,nan,8.0,"(632.0, 225.125)",0.951481519023024
656,8392.556862745085,15.490264268901765,207.0,"(639.8164251207729, 1730.2512077294687)",0.8675103345860077
657,2890.28125,16.647649736205576,58.0,"(636.5, 650.6034482758621)",0.7380269518187141
658,-22072.454183266935,nan,35.0,"(637.0857142857143, 703.8)",0.7600562876665317
659,633.7414448669224,18.295219725841452,29.0,"(637.4827586206897, 939.5172413793103)",0.526949743724225
660,203.46875,19.528755707432524,17.0,"(639.3529411764706, 1805.3529411764705)",0.5401575846362683
661,2217.5833333333285,16.935300127695708,55.0,"(641.8727272727273, 443.2)",0.6921369632435
662,-8793.758893280632,nan,15.0,"(639.4666666666667, 1279.1333333333334)",0.8723088038521886
663,1105.615686274512,17.690989520587376,42.0,"(642.5952380952381, 1812.904761904762)",0.3886665715305934
664,7445.305882352928,15.620293637563565,99.0,"(644.7373737373738, 261.4848484848485)",0.7851582623835471
665,848.5866141732331,17.978259557974745,31.0,"(642.8064516129032, 1970.741935483871)",0.5845772434632381
666,-2509.6399999999994,nan,31.0,"(643.9032258064516, 1170.225806451613)",0.8313074870330109
667,-1903.3120000000054,nan,33.0,"(645.7575757575758, 784.0909090909091)",0.8043451473248678
668,-3128.736000000001,nan,8.0,"(643.0, 844.25)",0.6424874759015162
669,-1818.4666666666672,nan,35.0,"(645.4571428571429, 753.2571428571429)",0.7972300187385939
670,3487.5440000000017,16.44370076120507,34.0,"(648.0294117647059, 94.23529411764706)",0.6168990062279882
671,-42203.08695652176,nan,121.0,"(651.8347107438017, 807.7520661157025)",0.8909745232688122
672,-9067.675889328064,nan,17.0,"(649.6470588235294, 708.5294117647059)",0.8412278846861595
673,-9391.318725099612,nan,92.0,"(654.2065217391304, 846.9021739130435)",0.7914977839533103
674,48.279999999998836,21.09058184643675,51.0,"(653.5098039215686, 735.0588235294117)",0.8349760873755048
675,1457.6245059288522,17.390885847119705,19.0,"(651.2631578947369, 1329.842105263158)",0.8121843305057043
676,-6648.767441860466,nan,8.0,"(651.875, 1902.875)",0.8866672179230541
677,1500.1895161290304,17.359634684677328,47.0,"(655.0212765957447, 904.2978723404256)",0.7112883296963869
678,-2368.184313725491,nan,30.0,"(654.8333333333334, 1126.1)",0.7807693929831085
679,-5453.863636363632,nan,22.0,"(653.0, 1204.9545454545455)",0.8451984915933783
680,366.10236220472507,18.890993672270582,8.0,"(653.375, 993.5)",0.6353272369503311
681,58825.76470588235,13.376081046253788,367.0,"(662.6539509536784, 1222.83378746594)",0.45214108076660053
682,-6667.552,nan,9.0,"(654.5555555555555, 1664.0)",0.759907023159627
683,651.4523809523816,18.265293310758928,26.0,"(656.0769230769231, 1450.1923076923076)",0.7889706886030351
684,-2504.283464566928,nan,29.0,"(657.7586206896551, 863.1724137931035)",0.7665477468346473
685,8882.377952755895,15.428676877921607,153.0,"(662.9215686274509, 1072.8235294117646)",0.1343271794236446
686,18159.752000000008,14.652225216873092,150.0,"(663.5933333333334, 1353.0533333333333)",0.5142757401511621
687,-2755.2490118577116,nan,21.0,"(659.4761904761905, 759.9047619047619)",0.7882050582032077
688,2535.1769230769205,16.789979317616698,30.0,"(661.0666666666667, 56.0)",0.4149610253448514
689,-2312.451612903227,nan,11.0,"(660.0, 1267.7272727272727)",0.7198527341568166
690,6725.897233201584,15.73062443168312,65.0,"(662.9076923076923, 1376.3692307692309)",0.8115373142964835
691,715.9137254901943,18.16284827803311,33.0,"(661.6060606060606, 1903.6363636363637)",0.7233739272959202
692,9420.333333333343,15.364834324157387,156.0,"(669.6987179487179, 216.92307692307693)",0.6696874906483734
693,10448.597609561752,15.252354989504271,139.0,"(670.0935251798561, 380.2589928057554)",0.5059335765854966
694,540.8212927756613,18.46736554510257,27.0,"(666.4814814814815, 596.5185185185185)",0.8300401090441287
695,-3000.0,nan,20.0,"(665.7, 978.8)",0.6465257868182993
696,7282.669291338592,15.644273527670878,95.0,"(670.8421052631579, 808.6)",0.7015556101979386
697,929.56420233463,17.87930152345333,39.0,"(669.4358974358975, 1481.7692307692307)",0.5669081517175236
698,2679.1176470588252,16.73002053741787,45.0,"(670.7111111111111, 827.3777777777777)",0.6521203266687543
699,296.6434108527137,19.119413234801137,16.0,"(669.0, 1852.125)",0.5857305665127376
700,-6465.813953488374,nan,8.0,"(671.875, 923.125)",0.8748367719705243
701,-3029.6086956521685,nan,22.0,"(672.9090909090909, 1366.3636363636363)",0.8012199149763621
702,-19274.03921568628,nan,29.0,"(674.2413793103449, 648.7931034482758)",0.8501202438910629
703,318.671814671814,19.041640866369086,8.0,"(672.375, 1638.25)",0.747102836415358
704,-30101.921875,nan,18.0,"(674.6666666666666, 197.27777777777777)",0.9226663760584082
705,-5877.28515625,nan,15.0,"(675.2, 1198.4)",0.8307210291501722
706,-9238.419607843138,nan,10.0,"(675.6, 207.4)",0.9360632709841045
707,10158.50588235294,15.282925408960562,146.0,"(680.7808219178082, 705.8082191780821)",0.7335431709470311
708,5495.254980079684,15.950030378723396,78.0,"(679.8846153846154, 913.2051282051282)",0.6364835061684025
709,-1957.06719367589,nan,12.0,"(677.8333333333334, 144.25)",0.5647660581289166
710,889.59375,17.927020692412146,8.0,"(678.25, 148.25)",0.8519332209108986
711,7682.185770750992,15.58628798731771,130.0,"(682.8153846153846, 518.8923076923077)",0.32969526676026273
712,525768.3294117646,10.998013944851245,1047.0,"(698.2120343839541, 1738.5501432664757)",0.5782554968731509
713,32309.43027888448,14.02667674987373,230.0,"(689.1347826086957, 185.76521739130436)",0.5686966925692581
714,-6153.542635658916,nan,32.0,"(684.15625, 632.0)",0.7489467927357947
715,1422.6190476190532,17.41727845194431,34.0,"(683.6470588235294, 846.8823529411765)",0.5689655114931218
716,4037.9762845849764,16.28459059009321,80.0,"(684.525, 941.3625)",0.7328309191912206
717,810.9123505976095,18.02756521252678,10.0,"(681.9, 831.2)",0.8494238909707733
718,-13303.375,nan,13.0,"(684.9230769230769, 744.1538461538462)",0.8751440113242949
719,-15539.217898832692,nan,178.0,"(688.6797752808989, 987.7022471910112)",0.842566916029707
720,210.296875,19.49291795214463,14.0,"(685.2857142857143, 1962.642857142857)",0.23035022137995825
721,-688.8500000000058,nan,85.0,"(688.9176470588235, 1821.9176470588236)",0.8375985485095339
722,2367.8627450980275,16.864108688544825,86.0,"(691.8372093023256, 925.3255813953489)",0.4933311241623233
723,98522.67999999993,12.816159457638035,641.0,"(703.7535101404056, 1203.8658346333852)",0.7937885219916535
724,4090.806451612909,16.270477669492244,95.0,"(694.0105263157894, 820.7157894736843)",0.5765571188348674
725,3855.921259842522,16.334679608062185,136.0,"(693.6323529411765, 1856.360294117647)",0.414580341246782
726,-1943.6470588235316,nan,19.0,"(689.421052631579, 211.78947368421052)",0.8831094925761845
727,-9965.727272727272,nan,17.0,"(690.2941176470588, 525.9411764705883)",0.569357082564455
728,499.984375,18.552608918946508,15.0,"(690.8, 246.2)",0.3367617820913353
729,-6471.71875,nan,26.0,"(692.8461538461538, 1365.8846153846155)",0.8275135125215863
730,8688.941176470602,15.452582857276731,142.0,"(699.8169014084507, 453.71830985915494)",0.7830186886754233
731,3178.162790697679,16.544559653212556,80.0,"(704.3875, 479.75)",0.7456115809830545
732,576.90625,18.397236890055638,27.0,"(703.2962962962963, 1077.3703703703704)",0.7438102141047771
733,4249.596899224809,16.22913065884189,86.0,"(706.6162790697674, 2280.267441860465)",0.5946673382467077
734,-1567.8932806324083,nan,23.0,"(709.304347826087, 220.1304347826087)",0.787101415729642
735,-3187.960629921261,nan,13.0,"(710.1538461538462, 1008.1538461538462)",0.7797804921556017
736,437.9019607843147,18.696557775430847,13.0,"(711.6923076923077, 369.84615384615387)",0.7182161258589268
737,-6338.893700787401,nan,9.0,"(712.0, 1101.6666666666667)",0.8846380007715137
738,12601.767441860458,15.048921348234671,212.0,"(718.0471698113207, 2211.132075471698)",0.675424304903986
739,1556.4080882352955,17.31969130237629,8.0,"(713.0, 155.0)",0.9101797211244547
740,-40135.0,nan,947.0,"(725.078141499472, 1601.0760295670539)",0.8932261725706897
741,6138.312000000005,15.829877602225999,84.0,"(715.6071428571429, 2256.0)",0.4002944042560309
742,-1640.4110671936724,nan,41.0,"(716.6341463414634, 247.9512195121951)",0.8296638178249823
743,-3223.156862745098,nan,9.0,"(715.4444444444445, 835.7777777777778)",0.6759592151917011
744,283.66153846153975,19.16799886500708,12.0,"(715.0833333333334, 2012.0833333333333)",0.8755989883658382
745,-2084.798479087447,nan,31.0,"(717.9354838709677, 828.0322580645161)",0.7385150490484127
746,309.6190476190459,19.072930823934534,8.0,"(717.0, 839.375)",0.9185586535436918
747,463.87890625,18.63398843875866,26.0,"(718.2307692307693, 1500.2692307692307)",0.6879193549885035
748,272.0078740157478,19.213546309840112,16.0,"(719.1875, 722.1875)",0.5981656554527496
749,1312.027450980393,17.5051426957763,40.0,"(720.65, 1667.175)",0.517223695690133
750,1347.3464566929179,17.476301788563532,69.0,"(724.8115942028985, 518.463768115942)",0.5687418159453893
751,333.96498054474796,18.99074767693471,18.0,"(725.7777777777778, 626.7222222222222)",0.6936609160921935
752,231.68924302788946,19.387735323402467,13.0,"(726.9230769230769, 1527.6923076923076)",0.5518394231759757
753,7345.6196078431385,15.634928913258905,146.0,"(734.5205479452055, 375.6917808219178)",0.7731471589692571
754,3011.1929133858284,16.60315355082691,60.0,"(732.1, 1024.5833333333333)",0.6224102278869829
755,323.6141732283468,19.024931164960385,20.0,"(730.2, 1867.5)",0.6009186612544483
756,-3305.4920634920636,nan,9.0,"(731.1111111111111, 1258.5555555555557)",0.7215450465204383
757,922.9565217391282,17.887046892650616,28.0,"(730.8571428571429, 1941.4285714285713)",0.7509601344180513
758,707.6980392156838,18.175380019178846,30.0,"(734.1, 497.8333333333333)",0.6777978105198333
759,889.6846153846127,17.926909798198135,25.0,"(734.0, 2294.08)",0.6738606793474669
760,2090.919847328245,16.999156537432434,42.0,"(736.952380952381, 1039.952380952381)",0.7093697954671779
761,-854.2332015810243,nan,44.0,"(742.1818181818181, 51.09090909090909)",0.7260132302107993
762,1424.2440000000024,17.41603900361603,28.0,"(740.2142857142857, 195.0)",0.49344892503016263
763,14347.21875,14.908080700042028,209.0,"(746.2535885167464, 1752.5023923444976)",0.701198128107849
764,-12399.011811023622,nan,26.0,"(747.6153846153846, 24.346153846153847)",0.7758449486048391
765,186.59375,19.622757267845316,17.0,"(747.0, 624.8235294117648)",0.3818075037977833
766,-137873.480620155,nan,163.0,"(750.8588957055215, 672.1411042944785)",0.9124666282354678
767,6305.1875,15.800754985255171,91.0,"(750.1758241758242, 940.6263736263736)",0.5181727621888402
768,463.05490196078426,18.635918784846844,9.0,"(747.2222222222222, 495.44444444444446)",0.8355774137439674
769,12667.664031620545,15.043258658472165,211.0,"(752.8625592417062, 707.611374407583)",0.7794422932889531
770,13927.130434782594,14.94034589248616,174.0,"(753.3678160919541, 733.9540229885057)",0.7301118950069065
771,-8624.599206349209,nan,35.0,"(750.9714285714285, 791.2285714285714)",0.811256929430514
772,-3131.747035573124,nan,25.0,"(754.28, 859.88)",0.5306870101620079
773,-96116.828125,nan,296.0,"(759.581081081081, 618.5641891891892)",0.9049115811867473
774,402.67199999999866,18.78762142056963,17.0,"(756.0, 1637.764705882353)",0.8155510956132199
775,332.09375,18.99684824435283,16.0,"(758.5, 1135.8125)",0.8115105773343299
776,581.0465116279083,18.38947275450245,27.0,"(760.1481481481482, 925.0)",0.4932346611699913
777,604.6454183266906,18.346248084063983,24.0,"(762.875, 530.2916666666666)",0.672696954252766
778,-3148.0697674418625,nan,10.0,"(761.9, 808.1)",0.5788004276452553
779,-3074.3858267716532,nan,8.0,"(762.375, 1051.375)",0.9371066813031831
780,647.423529411768,18.272028802540593,29.0,"(765.6551724137931, 267.41379310344826)",0.7049839248054216
781,126259.25,12.54684198694802,657.0,"(780.8158295281582, 974.7153729071538)",0.7134435046095562
782,-5190.647058823539,nan,50.0,"(771.66, 503.6)",0.614677906985269
783,-2708.695652173914,nan,9.0,"(771.3333333333334, 102.44444444444444)",0.7381654039815435
784,64.0276679841918,20.78408078940494,61.0,"(775.2622950819672, 109.8360655737705)",0.8056802880691404
785,3299.959999999992,16.50372831082389,99.0,"(775.7676767676768, 570.989898989899)",0.7287647664039051
786,57.21621621621671,20.90620216511895,8.0,"(772.375, 617.25)",0.8124097554365945
787,-3101.3203125,nan,26.0,"(774.2692307692307, 758.8076923076923)",0.7841281630951239
788,1787.1333333333387,17.169607611781828,61.0,"(776.6229508196722, 805.688524590164)",0.4197318398403934
789,783.330708661415,18.065137119042497,29.0,"(774.448275862069, 1180.1724137931035)",0.6925252342886334
790,348.6535433070858,18.94401479193788,25.0,"(775.84, 338.72)",0.7182923779816781
791,8074.424124513607,15.532221105453283,153.0,"(781.8823529411765, 742.0915032679738)",0.5114600128154874
792,-3181.5348837209312,nan,18.0,"(775.7222222222222, 1390.7222222222222)",0.784384849143904
793,613.0984251968512,18.331174498497752,18.0,"(777.6111111111111, 2243.1111111111113)",0.6573118075300384
794,2190.4722222222263,16.948655624546056,53.0,"(781.0188679245283, 2261.2075471698113)",0.43202423876420787
795,13382.359683794435,14.983668253921346,255.0,"(787.0941176470589, 1958.1764705882354)",0.4956120980047416
796,-2667.4320000000007,nan,22.0,"(781.5, 517.9545454545455)",0.596098639156513
797,160.71428571428623,19.784863793917186,9.0,"(779.8888888888889, 531.5555555555555)",0.8606629658238704
798,-5817.070588235292,nan,34.0,"(784.2647058823529, 592.8235294117648)",0.8251846622414792
799,279.3125,19.184774069988915,20.0,"(782.75, 446.5)",0.7221695546454715
800,79401.09338521399,13.050433792802048,430.0,"(796.6860465116279, 904.2837209302326)",0.6140876155506553
801,-3140.9375,nan,17.0,"(786.6470588235294, 631.7647058823529)",0.4809635040757016
802,849.6484375,17.976901842294545,32.0,"(788.78125, 2191.46875)",0.47215544803764287
803,1451.7096774193487,17.39530057014632,38.0,"(790.0, 263.4736842105263)",0.5220510070158761
804,23378.44186046513,14.377961093281018,216.0,"(797.6620370370371, 444.7546296296296)",0.4824654358480167
805,267.22834645669354,19.232793689061907,21.0,"(795.2857142857143, 250.14285714285714)",0.4405694023749355
806,2502.4823529411806,16.804072441012508,64.0,"(797.4375, 760.78125)",0.6864228433805515
807,3398.184313725491,16.471882672950052,98.0,"(798.4285714285714, 1061.6632653061224)",0.4718688275925107
808,705.1102362204692,18.179357451352363,35.0,"(796.2857142857143, 2104.1714285714284)",0.647837858422851
809,226873.73228346452,11.910539460868641,710.0,"(809.4394366197183, 77.19295774647887)",0.5486817888026767
810,1301.877952755909,17.513574319237286,33.0,"(796.7878787878788, 932.2424242424242)",0.601076084070433
811,272.52000000000044,19.211504049331598,9.0,"(795.0, 1035.7777777777778)",0.8086075400626399
812,416.77906976743907,18.750235247500367,33.0,"(798.969696969697, 1259.8484848484848)",0.16650487813340925
813,176.0236220472434,19.68607261687977,14.0,"(802.3571428571429, 494.57142857142856)",0.6538792959957055
814,161.015625,19.78282994467164,8.0,"(801.75, 1456.25)",0.8519332209108986
815,50634.333333333314,13.538887259242586,224.0,"(810.2678571428571, 1921.3705357142858)",0.41339499258523715
816,-6493.49411764706,nan,14.0,"(805.4285714285714, 2200.5714285714284)",0.8184860203760732
817,-6496.64453125,nan,17.0,"(807.1176470588235, 1034.8823529411766)",0.8181211123736211
818,-3133.464,nan,17.0,"(807.2352941176471, 1359.0)",0.6768343056088398
819,-902.125,nan,68.0,"(811.1029411764706, 180.85294117647058)",0.7317802508651166
820,-1782.207171314738,nan,37.0,"(811.8648648648649, 1126.7837837837837)",0.8013593305500589
821,1447.2421875,17.398646965406176,48.0,"(815.2916666666666, 524.4166666666666)",0.6907557389113798
822,61253.62745098042,13.332170468008737,275.0,"(824.170909090909, 2009.9018181818183)",0.6854498850158418
823,-3031.4823529411733,nan,16.0,"(817.3125, 257.375)",0.7986285300070987
824,4858.18359375,16.083815192412068,95.0,"(820.0, 2218.821052631579)",0.6477091821848354
825,1005.4803149606305,17.794066068728913,19.0,"(820.2105263157895, 177.94736842105263)",0.7020681724291937
826,-3162.6837944664003,nan,18.0,"(820.0555555555555, 907.2222222222222)",0.4486515850484714
827,6981.481927710847,15.690130954646872,171.0,"(826.7309941520468, 1811.0116959064328)",0.5737042955998324
828,1062.0551181102346,17.73463235957242,51.0,"(823.8039215686274, 582.0)",0.6204394783808228
829,339.4599999999991,18.973028482786617,26.0,"(824.0384615384615, 682.5384615384615)",0.7626312846269235
830,-8991.809523809527,nan,56.0,"(827.0714285714286, 637.6964285714286)",0.8659238293613464
831,997.7131782945798,17.80248572841276,37.0,"(826.7837837837837, 1116.3243243243244)",0.5844244823521589
832,715.2279411764721,18.16388881920719,10.0,"(826.0, 257.0)",0.816496580927726
833,-3252.344000000001,nan,16.0,"(828.0625, 956.5)",0.5811687623980681
834,3453.4097222222263,16.454379731693585,45.0,"(832.5777777777778, 2.2222222222222223)",0.7264998559884742
835,2250.8482490272436,16.919134459779542,94.0,"(834.7021276595744, 850.7446808510638)",0.6954834892345484
836,-4667.5625,nan,75.0,"(832.8133333333334, 868.2666666666667)",0.8243305670004782
837,-5710.507751937985,nan,22.0,"(830.7727272727273, 1251.590909090909)",0.8165594197570628
838,4977.3359375,16.057507615600812,72.0,"(834.3194444444445, 2293.8055555555557)",0.47885432342788514
839,431.4370078740176,18.712706511631865,26.0,"(832.4615384615385, 1653.8076923076924)",0.35579545188912043
840,-2411.0240000000013,nan,16.0,"(832.9375, 1230.5)",0.7481508855525776
841,-2851.8031496062977,nan,26.0,"(835.5384615384615, 1352.8846153846155)",0.7869066898664442
842,13977.58634538157,14.93641954060706,221.0,"(846.0361990950227, 1329.5475113122172)",0.8074084458640807
843,-2635.251968503937,nan,11.0,"(840.5454545454545, 52.63636363636363)",0.4766149243696475
844,6079.727272727265,15.840289755192416,130.0,"(845.5461538461539, 1147.1)",0.6986274399784437
845,-6261.6328125,nan,36.0,"(842.8611111111111, 380.9166666666667)",0.7155501833896017
846,-3321.5813953488378,nan,10.0,"(842.3, 926.7)",0.6856945487733347
847,1176.1199999999953,17.623870911893192,50.0,"(845.6, 1489.06)",0.7118933183099831
848,-2219.094488188981,nan,30.0,"(844.6, 234.36666666666667)",0.3978917105296982
849,30283.130434782623,14.096998082153759,244.0,"(850.3483606557377, 1861.8811475409836)",0.4031679552284514
850,11554.431372549036,15.143128556409977,160.0,"(850.675, 1651.825)",0.5415469273641103
851,156.64705882352973,19.81269438734833,10.0,"(848.1, 284.4)",0.5563697042320124
852,11760.72941176471,15.123914355156343,114.0,"(853.2368421052631, 88.45614035087719)",0.6756665521653071
853,745.7984189723284,18.1184463541005,31.0,"(854.0645161290323, 538.8064516129032)",0.8171341978234935
854,-2561.4901960784337,nan,114.0,"(854.5877192982456, 804.3508771929825)",0.8368073361520161
855,4672.496062992126,16.126127639705096,90.0,"(855.9111111111112, 1126.411111111111)",0.5620966317505733
856,2048.551999999996,17.021382518834788,61.0,"(855.9508196721312, 2102.4918032786886)",0.7447539171676567
857,4747.7900763358775,16.10877122908744,134.0,"(858.9776119402985, 1345.94776119403)",0.4638581275242355
858,5026.509803921581,16.04683366510382,92.0,"(857.2065217391304, 1455.4347826086957)",0.6662729038833414
859,-140846.4899328859,nan,49.0,"(860.0, 3.6122448979591835)",0.9290102200795244
860,358.185770750988,18.91472917719927,17.0,"(857.0588235294117, 1519.2941176470588)",0.7131544243589303
861,1048.316602316605,17.748768840437094,40.0,"(859.55, 700.45)",0.7294408177600065
862,13703.260869565216,14.957940186279412,153.0,"(864.4575163398692, 1930.0915032679738)",0.4447982914735427
863,-102895.69322709157,nan,564.0,"(876.8457446808511, 1042.2163120567375)",0.681835859165656
864,239.5275590551173,19.351611278097447,8.0,"(862.375, 2253.5)",0.6353272369503311
865,-12830.498054474709,nan,25.0,"(865.32, 889.76)",0.5246831920182978
866,45444.661417322815,13.656292819783566,383.0,"(876.4725848563969, 317.2506527415144)",0.3042957481401196
867,245.63779527559018,19.32426202321676,13.0,"(866.4615384615385, 1792.8461538461538)",0.7621741246911639
868,3612.6956521739194,16.405421558956245,180.0,"(873.8666666666667, 965.7166666666667)",0.3305814278445539
869,1753.806324110672,17.190045920546638,65.0,"(871.8615384615384, 425.3692307692308)",0.7969177324705581
870,-3249.5,nan,9.0,"(871.1111111111111, 189.55555555555554)",0.898953520609211
871,-3208.664031620552,nan,16.0,"(871.8125, 348.0625)",0.7334838558774177
872,558.4466403162078,18.432545793717946,23.0,"(871.9565217391304, 462.7826086956522)",0.7653507247593228
873,657.4881889763783,18.25528011092995,40.0,"(873.65, 572.075)",0.20709416283526022
874,310.0625,19.071376889049347,22.0,"(872.8181818181819, 1383.7272727272727)",0.6741186217586593
875,35633.466666666645,13.920354811161037,259.0,"(880.1621621621622, 1826.3204633204634)",0.3846734742576968
876,-50459.59375,nan,641.0,"(890.5600624024961, 833.572542901716)",0.6635044461995637
877,-15924.096525096524,nan,13.0,"(873.4615384615385, 1164.5384615384614)",0.82678590327876
878,770.0866141732258,18.083651063880463,35.0,"(876.4, 451.8857142857143)",0.7425563405946375
879,5709.264822134399,15.908549529843494,142.0,"(881.6338028169014, 632.8661971830986)",0.6303131286628243
880,1862.83203125,17.124565757539266,65.0,"(880.7538461538461, 1375.5076923076922)",0.5444387271403862
881,844.70703125,17.983234726954993,30.0,"(879.6666666666666, 2162.266666666667)",0.7543347426264664
882,838.3858267716569,17.99139018052542,34.0,"(880.5294117647059, 238.91176470588235)",0.6822285944731535
883,236.30196078431436,19.366331686669447,10.0,"(882.6, 286.7)",0.7445284904032939
884,215.8188976377951,19.46477632521611,10.0,"(882.7, 2154.5)",0.5851362742807612
885,-9637.249011857708,nan,8.0,"(886.875, 158.625)",0.9556646923099953
886,-3346.3268482490275,nan,11.0,"(892.2727272727273, 870.4545454545455)",0.720880264553827
887,115.0234375,20.14803414390247,8.0,"(892.75, 1591.25)",0.7384255845247096
888,497.7782101167322,18.557410295600125,24.0,"(896.0416666666666, 1512.875)",0.7830392017338125
889,760.6536964980551,18.097032549698447,22.0,"(898.4545454545455, 869.5909090909091)",0.851988601663609
890,366.3425196850367,18.890281679636026,21.0,"(900.0, 1887.6666666666667)",0.5104739451439271
891,1093.4031620553578,17.70304918622363,221.0,"(905.8733031674208, 630.5384615384615)",0.639405875669592
892,7276.0,15.645268274021387,107.0,"(904.1214953271028, 2073.663551401869)",0.4139363024731541
893,-299678.0078740157,nan,470.0,"(914.4446808510638, 1079.0829787234043)",0.8082401055583721
894,3590.8682170542743,16.412001332392506,78.0,"(906.2948717948718, 93.7948717948718)",0.6124471461470675
895,2165.8800000000047,16.960914022533345,62.0,"(909.0, 1754.774193548387)",0.5726126586427268
896,393.5952380952367,18.812375411281824,30.0,"(910.2, 702.0)",0.6747195125269638
897,567.3999999999978,18.415276671350423,28.0,"(913.0714285714286, 1708.0)",0.48725389436940797
898,-2220.21212121212,nan,44.0,"(914.0454545454545, 760.0454545454545)",0.7034111800383278
899,22243.4453125,14.431994858785998,138.0,"(919.6666666666666, 62.86231884057971)",0.6387434877810103
900,5582.674418604656,15.932894248628672,94.0,"(918.0106382978723, 1865.872340425532)",0.5460067282029261
901,639.0778210116696,18.28611563559734,27.0,"(916.2222222222222, 2002.4074074074074)",0.7546741149086195
902,85708.83464566933,12.967436024535317,493.0,"(930.2839756592292, 1109.4807302231238)",0.7398160696038726
903,-11830.8046875,nan,47.0,"(921.7659574468086, 18.48936170212766)",0.6735722080759778
904,8716.905882352934,15.449094107817597,123.0,"(924.6422764227642, 668.30081300813)",0.4805137250277653
905,-2494.451612903227,nan,42.0,"(924.0238095238095, 195.5)",0.7428564439018356
906,-9236.479999999996,nan,22.0,"(923.0454545454545, 825.5)",0.6693651572863061
907,-6557.213438735176,nan,12.0,"(924.1666666666666, 942.75)",0.665911073159477
908,1983.6111111111095,17.056358669231297,83.0,"(929.9036144578313, 989.4457831325301)",0.42796483911129213
909,-2396.835294117649,nan,34.0,"(930.7058823529412, 591.4411764705883)",0.8322109346836738
910,-100.4117647058738,nan,114.0,"(933.2105263157895, 1370.5526315789473)",0.8278998080075702
911,898.6031746031731,17.916080128640246,19.0,"(931.7368421052631, 125.10526315789474)",0.780692177337305
912,430.44094488188784,18.71521605983597,16.0,"(931.875, 600.6875)",0.381170670721425
913,23692.837209302234,14.363457323861704,544.0,"(946.1231617647059, 852.8658088235294)",0.5740252497116828
914,2060.30859375,17.015169314944288,67.0,"(935.223880597015, 1036.5373134328358)",0.6207025853467002
915,7216.61538461539,15.654166100407458,127.0,"(938.488188976378, 886.992125984252)",0.4253979536774591
916,1717.9130434782564,17.212497057160256,57.0,"(935.1929824561404, 1330.9649122807018)",0.8321777970275032
917,-3016.2007874015762,nan,18.0,"(935.1666666666666, 2104.4444444444443)",0.8178063307608515
918,-11021.076923076907,nan,87.0,"(939.1149425287356, 410.9310344827586)",0.8333766291524649
919,266.34387351778787,19.23639322117966,13.0,"(937.4615384615385, 2136.923076923077)",0.7108685641916421
920,-2195.3893129771022,nan,43.0,"(944.046511627907, 946.046511627907)",0.5955917042595534
921,-13522.675889328064,nan,8.0,"(945.375, 274.125)",0.9204467514322717
922,992.2071713147379,17.808494095912444,42.0,"(945.4285714285714, 766.952380952381)",0.7610041655806132
923,878.921875,17.940124316195817,36.0,"(946.3888888888889, 1467.388888888889)",0.45391301624489366
924,648879.2373540855,10.769590305113258,909.0,"(960.2398239823982, 2256.4301430143014)",0.28460133587018493
925,-6475.529644268772,nan,17.0,"(946.2941176470588, 258.05882352941177)",0.7279426796608158
926,-6505.583657587547,nan,14.0,"(945.2142857142857, 349.7142857142857)",0.8323637096118494
927,832.7065637065607,17.9987700301391,41.0,"(949.219512195122, 439.3658536585366)",0.7142455931849825
928,-3267.9763779527566,nan,10.0,"(947.5, 503.8)",0.8146162983359874
929,3126.1882352941175,16.562462189041987,64.0,"(950.546875, 202.375)",0.6984846415236245
930,157.62352941176505,19.80594738064803,10.0,"(950.4, 586.3)",0.5543402284957073
931,516.2669322709189,18.517814228308662,33.0,"(953.030303030303, 779.3939393939394)",0.7024521190096353
932,-3224.007874015748,nan,8.0,"(954.375, 1214.5)",0.7455306464961348
933,618.4470588235272,18.321743678829588,29.0,"(955.5862068965517, 1343.344827586207)",0.7290346215099401
934,1252.3809523809468,17.55565886561041,42.0,"(955.9285714285714, 1520.5714285714287)",0.4467696651207801
935,-3241.093023255813,nan,16.0,"(954.75, 1531.4375)",0.6758930673017349
936,1990.3399209486088,17.052681865275503,73.0,"(958.1369863013699, 675.3698630136986)",0.6099794990465222
937,1652.1712062256775,17.254862377305308,60.0,"(959.3833333333333, 283.18333333333334)",0.5531634907194293
938,-6591.928,nan,12.0,"(958.4166666666666, 979.0)",0.6258671728596176
939,2169.215686274518,16.959243159266276,63.0,"(962.4444444444445, 459.77777777777777)",0.688724056520232
940,-10051.20930232558,nan,10.0,"(959.8, 340.6)",0.9534625892455924
941,87447.11583011586,12.945636274489035,571.0,"(973.492119089317, 587.4255691768826)",0.4536977970263136
942,-20984.718253968254,nan,64.0,"(966.65625, 119.046875)",0.8119558571397801
943,2126.46875,16.980852487938357,84.0,"(967.4404761904761, 1243.642857142857)",0.4077885866087182
944,-3061.90625,nan,22.0,"(966.5, 497.77272727272725)",0.5311151884364641
945,-3232.8653846153866,nan,12.0,"(965.0833333333334, 1477.0)",0.7711659806403351
946,627.9923076923078,18.305114189810052,34.0,"(968.0882352941177, 1512.0)",0.5433412096359266
947,135.41634241245083,19.970822301622327,9.0,"(966.2222222222222, 1783.6666666666667)",0.5612111506528393
948,1725.313953488374,17.207829663272058,47.0,"(973.0851063829788, 1054.8936170212767)",0.4466615566069251
949,-5664.055555555555,nan,15.0,"(972.0, 24.8)",0.8926786977910087
950,-7530.645669291342,nan,35.0,"(973.1714285714286, 56.714285714285715)",0.8459813845212706
951,683.4393305439335,18.213250080134106,15.0,"(974.8, 12.8)",0.7963330593811955
952,10286.440000000002,15.269337256938677,194.0,"(980.9020618556701, 519.2731958762887)",0.4426354309086001
953,323.77165354330646,19.024402941833497,9.0,"(975.8888888888889, 910.3333333333334)",0.6794064263329984
954,939.8888888888905,17.867308711199172,45.0,"(977.9333333333333, 1339.5333333333333)",0.32594551549189615
955,-3276.234375,nan,13.0,"(977.4615384615385, 1909.3846153846155)",0.743331498194783
956,2122.0,16.983136551086695,73.0,"(980.8493150684932, 1117.1917808219177)",0.6332558912114176
957,29921.78125,14.110031390987896,268.0,"(987.1343283582089, 829.0820895522388)",0.41408232348077695
958,1301.0390625,17.514274159876734,58.0,"(981.7758620689655, 1389.5344827586207)",0.5728169286626124
959,62.35433070866111,20.81283344497607,8.0,"(980.5, 1451.125)",0.6746451779882773
960,605.1792828685284,18.345289869045626,36.0,"(982.5555555555555, 977.0555555555555)",0.5803204823036583
961,456.9677419354848,18.65028614092975,23.0,"(983.3913043478261, 875.0)",0.6836732900071506
962,59.42519685039406,20.865073427411392,8.0,"(981.875, 1096.5)",0.6746451779882773
963,-2983.2999999999993,nan,23.0,"(984.2608695652174, 2116.0434782608695)",0.5839273111915106
964,-5528.0750988142245,nan,30.0,"(985.0666666666667, 379.8)",0.7968221322444412
965,616.1007751937977,18.325870611914475,17.0,"(985.5294117647059, 67.41176470588235)",0.5814282651336036
966,1783.2380952380918,17.171976666536338,30.0,"(986.4666666666667, 860.9)",0.70859556518377
967,1935.4881889763783,17.08302368638315,74.0,"(990.7162162162163, 787.472972972973)",0.4283657842453706
968,81.07999999999993,20.527715649947574,9.0,"(987.5555555555555, 1836.0)",0.645827670760105
969,6926.829457364336,15.698663762045973,133.0,"(996.3007518796992, 701.7894736842105)",0.7554531111786464
970,-17173.75,nan,109.0,"(997.8440366972477, 1351.8440366972477)",0.8440354920220003
971,3909.3120000000054,16.319749168463304,82.0,"(995.6829268292682, 1053.9268292682927)",0.7114475517759008
972,-9956.171206225681,nan,9.0,"(993.2222222222222, 1256.3333333333333)",0.9436973087177913
973,-16635.55078125,nan,15.0,"(993.6666666666666, 468.26666666666665)",0.9202542486633798
974,-6521.700787401576,nan,20.0,"(994.85, 1123.55)",0.7285840650753472
975,-18183.314960629912,nan,45.0,"(996.3777777777777, 2228.3777777777777)",0.8341775001648165
976,590.4941176470602,18.371961060901555,33.0,"(996.6060606060606, 1231.5454545454545)",0.5728577745368125
977,7368.45703125,15.631558611753109,122.0,"(1000.3196721311475, 1783.3360655737704)",0.507044485783849
978,648.5511811023607,18.270139363547866,28.0,"(997.8214285714286, 1444.0714285714287)",0.7349293464991171
979,1537.1550387596944,17.333205817454125,65.0,"(998.7692307692307, 1682.5846153846153)",0.5422815764416482
980,-696.4862385321103,nan,16.0,"(999.8125, 2297.5)",0.5895260352784184
981,1343.7764705882291,17.479182419097924,30.0,"(1001.6666666666666, 254.46666666666667)",0.5643433481971661
982,1144.6440000000002,17.65332390967661,48.0,"(1002.0, 496.7708333333333)",0.6267419465219332
983,2566.015686274506,16.776851732683674,75.0,"(1002.7466666666667, 871.2266666666667)",0.47587745436179196
984,1604.0278884462168,17.28697021280263,37.0,"(1001.2432432432432, 970.0540540540541)",0.7600814344159676
985,99167.55905511812,12.809075941277156,429.0,"(1013.3776223776224, 1271.4801864801864)",0.5352828346706452
986,-6617.920000000002,nan,11.0,"(1004.0, 489.45454545454544)",0.7339786771419304
987,-13889.03125,nan,15.0,"(1004.5333333333333, 2291.6)",0.8344886159844546
988,2426.296577946763,16.837640285782687,50.0,"(1006.94, 211.96)",0.7678028259512419
989,714.3464566929106,18.16522776279831,39.0,"(1008.6923076923077, 344.53846153846155)",0.29046194196045116
990,30082.936254980043,14.10419944138615,292.0,"(1013.5958904109589, 801.9897260273973)",0.5194035653722523
991,335.08799999999974,18.987102811545054,18.0,"(1007.0, 1115.7777777777778)",0.82630373484995
992,-8884.035294117653,nan,72.0,"(1012.1666666666666, 480.09722222222223)",0.7586502693968763
993,914.62109375,17.896896966951026,34.0,"(1009.8529411764706, 882.1470588235294)",0.6169576037538881
994,668.6498054474723,18.237003193553193,39.0,"(1010.2051282051282, 1042.2820512820513)",0.5416246812925775
995,482.5521235521228,18.59113942212981,28.0,"(1009.0357142857143, 1540.892857142857)",0.6975833017181383
996,1489.1796875,17.36763224053988,63.0,"(1011.8095238095239, 986.2698412698413)",0.6596707147105342
997,-6641.100386100385,nan,18.0,"(1012.4444444444445, 771.5555555555555)",0.7906238145719603
998,130.14173228346408,20.013958541951034,8.0,"(1011.625, 1455.5)",0.6353272369503311
999,221.86399999999776,19.434782903384924,15.0,"(1011.4, 1533.0)",0.5541893422371884
1000,67.83200000000033,20.72141344435798,8.0,"(1011.0, 1960.25)",0.7950972173652757
1001,-1113.3984063745083,nan,47.0,"(1015.2553191489362, 61.06382978723404)",0.592408584150234
1002,-57201.83333333334,nan,57.0,"(1016.2105263157895, 959.3684210526316)",0.8662899559182651
1003,1348.418972332016,17.47543786389973,23.0,"(1015.1304347826087, 424.30434782608694)",0.7546241991053044
1004,-3284.7722007722004,nan,8.0,"(1014.375, 390.25)",0.5542407774358747
1005,4531.69260700389,16.15934889199602,87.0,"(1017.8735632183908, 783.1609195402299)",0.5465416293189661
1006,3882.3149606299266,16.327273086256994,54.0,"(1016.8888888888889, 2230.5925925925926)",0.7154529317863085
1007,1383.7588652482264,17.44734895933716,10.0,"(1015.2, 2307.0)",0.6823040893123092
1008,6958.702811244992,15.693679276844234,129.0,"(1022.953488372093, 263.48837209302326)",0.6923813038863926
1009,-185037.50746268663,nan,1077.0,"(1042.4921077065924, 717.5069637883008)",0.8495872024157733
1010,359.6800000000003,18.91020927611763,23.0,"(1020.9130434782609, 1226.7391304347825)",0.7551029154281862
1011,1516.3214285714275,17.348021818893372,70.0,"(1024.9285714285713, 525.5285714285715)",0.3590034454235731
1012,2241.0,16.92389535866235,88.0,"(1025.659090909091, 1386.2954545454545)",0.6802328451104268
1013,1107.7181467181435,17.688926823966305,33.0,"(1023.4848484848485, 93.42424242424242)",0.8500546222890087
1014,-2336.1035856573726,nan,19.0,"(1023.9473684210526, 248.31578947368422)",0.8933655046333858
1015,8097.603174603166,15.529108774433592,117.0,"(1028.3675213675215, 636.0)",0.598717018835868
1016,2985.426356589145,16.612484093420736,69.0,"(1025.768115942029, 1548.4057971014493)",0.6870727891446146
1017,494655.6929133858,11.064242470829909,1569.0,"(1045.291905672403, 442.8661567877629)",0.5493463664161279
1018,43.136029411764866,21.21289958340601,9.0,"(1024.0, 2025.0)",0.0
1019,-115142.76862745103,nan,216.0,"(1033.773148148148, 229.5462962962963)",0.9160896450215552
1020,272.93675889328006,19.209844924938096,13.0,"(1031.5384615384614, 547.9230769230769)",0.49229365050732904
1021,-6601.608695652172,nan,13.0,"(1033.076923076923, 1449.3846153846155)",0.8122794031425336
1022,321.03984063745156,19.033602672139356,15.0,"(1034.1333333333334, 1705.7333333333333)",0.8496624925901528
1023,1026.6328125,17.771462148113436,27.0,"(1035.3333333333333, 272.18518518518516)",0.681435531517095
1024,-12108.032000000007,nan,73.0,"(1037.4931506849316, 889.068493150685)",0.7368812557951497
1025,1290.118110236217,17.52342632061668,43.0,"(1036.2093023255813, 1061.2325581395348)",0.48673059815478237
1026,769.3505976095621,18.084689261327224,24.0,"(1035.875, 1572.7916666666667)",0.6581604394180804
1027,-3124.1666666666642,nan,15.0,"(1037.9333333333334, 374.3333333333333)",0.7820760975294188
1028,-2714.0629921259824,nan,30.0,"(1038.3666666666666, 2057.5333333333333)",0.8320216681838993
1029,3358.359375,16.48468208062861,115.0,"(1043.1565217391305, 111.15652173913044)",0.7865143972004832
1030,-2888.383720930233,nan,8.0,"(1038.125, 480.0)",0.8720187306856813
1031,-22331.513944223057,nan,500.0,"(1050.974, 609.566)",0.8677592594524242
1032,11358.918604651175,15.161657531242879,183.0,"(1044.136612021858, 809.8579234972677)",0.3477258997410039
1033,255.40157480314883,19.281941073024022,11.0,"(1040.0, 1618.3636363636363)",0.8193342786072867
1034,-1360.5725490196055,nan,64.0,"(1044.53125, 2003.296875)",0.8516613838320289
1035,1034.625,17.76304257948274,49.0,"(1043.5102040816328, 337.7551020408163)",0.5436302956069385
1036,692.3984063745011,18.199109850921264,15.0,"(1043.2666666666667, 56.93333333333333)",0.46242456464532855
1037,-6110.25,nan,10.0,"(1045.2, 2139.3)",0.9380673393944888
1038,-9215.54724409449,nan,13.0,"(1046.8461538461538, 156.15384615384616)",0.9278129806431935
1039,-13978.94140625,nan,154.0,"(1054.6233766233765, 265.2792207792208)",0.8615055437078141
1040,372.18181818181984,18.87311211707934,20.0,"(1051.1, 1542.45)",0.7237014164418937
1041,-3032.8844621513927,nan,15.0,"(1052.4, 1068.9333333333334)",0.5314271555437494
1042,7648.627906976748,15.591041165669633,93.0,"(1056.3010752688172, 2152.6989247311826)",0.5041059806174731
1043,61.27559055118036,20.831781236220596,25.0,"(1053.32, 2249.12)",0.7182113106665617
1044,1323.8897637795235,17.49537043938469,40.0,"(1056.475, 819.15)",0.6978226075902523
1045,-6486.919230769232,nan,13.0,"(1056.0, 1151.923076923077)",0.8987328248522651
1046,274.12109375,19.205143860013433,17.0,"(1055.7058823529412, 1992.6470588235295)",0.7714899304519223
1047,2512.8640000000014,16.799577538613892,50.0,"(1059.96, 166.56)",0.17651255385172762
1048,743.7159533073936,18.121482256113687,32.0,"(1058.84375, 1851.125)",0.339916721586465
1049,-9744.059999999998,nan,22.0,"(1058.7272727272727, 380.95454545454544)",0.9079861388420681
1050,-6600.192913385828,nan,9.0,"(1058.3333333333333, 1096.888888888889)",0.8948667641806137
1051,590.0078125,18.372855594186266,27.0,"(1061.9259259259259, 788.1481481481482)",0.4822562672678086
1052,2290.670454545456,16.900093464353937,82.0,"(1065.0243902439024, 323.0)",0.3858603440389667
1053,355.51004016064326,18.9228703240107,23.0,"(1064.9565217391305, 999.5217391304348)",0.6337565029602745
1054,288.8146718146727,19.14845187084548,8.0,"(1063.75, 938.375)",0.8124097554365945
1055,1801.8346456692889,17.16071266681137,29.0,"(1067.0344827586207, 2228.1724137931033)",0.8141477730894198
1056,-2453.142857142855,nan,9.0,"(1067.2222222222222, 32.77777777777778)",0.8520128672302584
1057,-2900.373076923075,nan,15.0,"(1069.0, 262.06666666666666)",0.8524474568362947
1058,-6621.307086614172,nan,11.0,"(1070.3636363636363, 937.3636363636364)",0.910324503597649
1059,-1878.0311284046766,nan,54.0,"(1074.0555555555557, 959.8703703703703)",0.6657657709143152
1060,907.2727272727279,17.905655359677134,43.0,"(1072.5813953488373, 1371.139534883721)",0.6426722364199303
1061,148.7109375,19.869142721243705,9.0,"(1070.888888888889, 1571.111111111111)",0.6944132079458367
1062,-6237.77865612648,nan,8.0,"(1071.875, 242.375)",0.8921125176553566
1063,1212.7843137254895,17.59054107221071,39.0,"(1074.2307692307693, 1712.7435897435898)",0.6728683249723773
1064,845.4223107569705,17.982315738231108,32.0,"(1074.78125, 1097.15625)",0.5585869292678346
1065,254.12941176470486,19.287362672006893,14.0,"(1074.5714285714287, 349.2142857142857)",0.7219349373837026
1066,1274.5675675675739,17.536592841750146,49.0,"(1080.9183673469388, 1847.061224489796)",0.6745558427427967
1067,23280.4705882353,14.38252061291102,228.0,"(1085.8552631578948, 2045.517543859649)",0.7425264485469546
1068,982.6812749004021,17.81896829849543,41.0,"(1080.9756097560976, 1823.439024390244)",0.598729668320344
1069,455.4466403162078,18.653906243070402,71.0,"(1083.8309859154929, 193.7887323943662)",0.823076038781808
1070,50690.767716535425,13.537677828238094,367.0,"(1092.841961852861, 713.425068119891)",0.5177529988451867
1071,-4816.513944223116,nan,58.0,"(1083.9827586206898, 2155.6206896551726)",0.5539389495816163
1072,1285.5275590551173,17.52729652136208,42.0,"(1084.452380952381, 224.6904761904762)",0.6784383301306722
1073,7978.602272727265,15.545182959094777,131.0,"(1088.0152671755725, 270.98473282442745)",0.4326407313615036
1074,-2434.4584980237123,nan,39.0,"(1084.923076923077, 604.6410256410256)",0.694030517506218
1075,1427.0157480314956,17.413928085353817,29.0,"(1084.9655172413793, 593.1724137931035)",0.7247726514909624
1076,125.15019762845805,20.0564211506192,12.0,"(1084.5833333333333, 1157.4166666666667)",0.6975190624728548
1077,299.0671936758881,19.110578061261172,22.0,"(1084.5454545454545, 1453.8636363636363)",0.24940119674492148
1078,266.25984251968475,19.23673582298649,12.0,"(1084.0, 1902.6666666666667)",0.740916141961559
1079,649.538461538461,18.26848781917805,43.0,"(1085.9767441860465, 532.5348837209302)",0.6651229047441809
1080,303.84000000000015,19.093387631517643,24.0,"(1086.0416666666667, 1973.4583333333333)",0.6130022956813247
1081,-28709.875,nan,179.0,"(1093.6536312849162, 798.6480446927375)",0.8684787056061476
1082,450.65882352941117,18.665380303463024,9.0,"(1087.7777777777778, 61.55555555555556)",0.8355774137439674
1083,-3093.149606299212,nan,19.0,"(1091.2105263157894, 1090.2105263157894)",0.6952857394753162
1084,2473.8666666666686,16.816559277825615,93.0,"(1096.1397849462367, 1216.8387096774193)",0.5300940098208449
1085,1581.8139534883667,17.30211149445492,43.0,"(1093.9767441860465, 1772.1162790697674)",0.7493360663582862
1086,9708.039370078739,15.332171177736003,217.0,"(1101.184331797235, 556.147465437788)",0.48985688702989916
1087,-16733.27559055118,nan,15.0,"(1096.7333333333333, 964.4666666666667)",0.8692269873603532
1088,438.7888446215147,18.69436105518693,14.0,"(1094.2142857142858, 1448.142857142857)",0.8192780576182005
1089,-5907.444881889765,nan,39.0,"(1098.128205128205, 677.8205128205128)",0.826373747037401
1090,-2079.7859922178977,nan,36.0,"(1098.888888888889, 34.861111111111114)",0.49917271748536385
1091,-3050.3474903474907,nan,9.0,"(1096.5555555555557, 289.44444444444446)",0.65787868915163
1092,-35632.93798449612,nan,418.0,"(1106.1961722488038, 2062.6172248803828)",0.8469580177025002
1093,35851.22047244094,13.91374013796645,407.0,"(1106.125307125307, 629.8304668304668)",0.6233630508360107
1094,-3264.09375,nan,12.0,"(1100.5833333333333, 203.33333333333334)",0.20376874642000586
1095,-16942.09090909091,nan,28.0,"(1101.857142857143, 2302.1428571428573)",0.8614963266971349
1096,-16564.035714285714,nan,8.0,"(1101.25, 89.125)",0.9722287151214405
1097,-3179.8139534883703,nan,16.0,"(1104.125, 1943.125)",0.6749138542589492
1098,-50843.453125,nan,23.0,"(1106.391304347826, 843.6086956521739)",0.9454545576945058
1099,574.7099236641225,18.40137825931749,33.0,"(1106.0, 1806.939393939394)",0.5656651868430496
1100,2921.015625,16.63616529976646,56.0,"(1108.7142857142858, 149.39285714285714)",0.6123712928092987
1101,434.84375,18.70416691912461,19.0,"(1106.157894736842, 1724.157894736842)",0.678435148246496
1102,177.72983870967437,19.675599133088248,15.0,"(1109.7333333333333, 805.0)",0.6948970109720896
1103,-3105.62890625,nan,17.0,"(1113.1764705882354, 1340.2941176470588)",0.6968382514733344
1104,14319.124031007756,14.910208872691868,143.0,"(1118.7272727272727, 2167.377622377622)",0.767049015660855
1105,23338.48837209301,14.379818191304883,188.0,"(1119.787234042553, 273.6276595744681)",0.5116444707934654
1106,65.79200000000037,20.754567278392134,9.0,"(1114.4444444444443, 315.0)",0.645827670760105
1107,20284.119047619053,14.53210962309927,179.0,"(1120.927374301676, 112.29608938547486)",0.44472205614080274
1108,342.536585365855,18.96323258981605,12.0,"(1115.0, 1822.5)",0.6831300510639732
1109,1555.9692307692312,17.319997488544583,45.0,"(1117.4222222222222, 1282.5333333333333)",0.776549236556199
1110,9142.564705882352,15.397329893223166,116.0,"(1122.9396551724137, 136.86206896551724)",0.36858870458862236
1111,680.7015503875955,18.217608150578226,50.0,"(1123.42, 662.24)",0.560308191870725
1112,2770.4603174603253,16.69362016513308,113.0,"(1125.8318584070796, 1053.2212389380531)",0.6372564417061597
1113,699.400778210118,18.188184721987966,27.0,"(1122.3333333333333, 1404.2222222222222)",0.7912286599665169
1114,238.807843137256,19.35487853456757,17.0,"(1124.4705882352941, 572.7058823529412)",0.7853779478291446
1115,129.80000000000018,20.016813268839122,8.0,"(1124.0, 1805.75)",0.7950972173652757
1116,3689.916996047439,16.3824585077487,61.0,"(1128.5737704918033, 455.60655737704917)",0.7082843520677945
1117,-9550.11811023622,nan,8.0,"(1125.5, 83.625)",0.9668460193186166
1118,189.421875,19.60642467205394,8.0,"(1126.75, 994.5)",0.7927001054654698
1119,170.82608695652198,19.718614518014466,9.0,"(1125.6666666666667, 1546.5555555555557)",0.786283935618104
1120,385.3809523809541,18.835274385853413,17.0,"(1126.9411764705883, 1688.764705882353)",0.8352690695845567
1121,-3026.3243243243196,nan,42.0,"(1130.9761904761904, 66.0952380952381)",0.6586810421180724
1122,-2713.51485148515,nan,15.0,"(1130.0666666666666, 10.6)",0.6877849114972858
1123,273.06153846153757,19.209348668089362,28.0,"(1131.4285714285713, 1161.5)",0.04761904761904803
1124,-6422.034615384615,nan,22.0,"(1133.909090909091, 1463.090909090909)",0.3990753375600786
1125,413.43083003952415,18.758992851584352,25.0,"(1138.48, 698.64)",0.5827660525410557
1126,-1593.790697674418,nan,10.0,"(1136.9, 2293.1)",0.4712786996662339
1127,-3221.7119999999995,nan,9.0,"(1138.0, 773.7777777777778)",0.7155104500850997
1128,3268.6932270916295,16.514064592119773,68.0,"(1141.2058823529412, 1979.0882352941176)",0.4475759167043673
1129,608.90625,18.338623920477993,34.0,"(1140.5882352941176, 1610.4411764705883)",0.6199217821383647
1130,3383.7919999999867,16.476490851692283,91.0,"(1144.043956043956, 1798.2747252747254)",0.8370885431308607
1131,1219.5686274509862,17.58448439021106,49.0,"(1142.3877551020407, 1900.6326530612246)",0.4404629899614246
1132,1029.7294117647034,17.768192206237472,34.0,"(1143.264705882353, 1470.3529411764705)",0.6556227378017465
1133,522.8674698795185,18.504020942238284,30.0,"(1144.5333333333333, 971.9666666666667)",0.5032256047961641
1134,762.1496062992119,18.094899425939627,8.0,"(1144.5, 2228.625)",0.6353272369503311
1135,1295.7360000000044,17.518708687179195,34.0,"(1146.264705882353, 769.0882352941177)",0.6848145305483885
1136,149.1811023622049,19.865715469966965,8.0,"(1145.5, 1593.625)",0.892775036020812
1137,531.5936254980079,18.4860505886406,16.0,"(1146.0625, 1841.75)",0.43064251539103965
1138,342.1405622489947,18.964488588166063,19.0,"(1146.9473684210527, 1694.7368421052631)",0.6676723097799706
1139,1189.8643410852746,17.611256376511367,40.0,"(1149.275, 1248.3)",0.6207322397413735
1140,13993.783269961976,14.93516214137134,181.0,"(1154.0497237569061, 1623.0441988950276)",0.5345962610772912
1141,1079.1171875,17.717328475593305,51.0,"(1151.6470588235295, 722.2745098039215)",0.42094483261896853
1142,2573.5852713178247,16.773653593938377,58.0,"(1151.6206896551723, 1419.2241379310344)",0.5829769454768045
1143,-16073.165354330704,nan,54.0,"(1154.1851851851852, 560.1111111111111)",0.8212766438947104
1144,178.52000000000044,19.67078280457877,16.0,"(1151.75, 1433.0)",0.822328426911837
1145,2522.7865612648166,16.7952987278341,40.0,"(1154.575, 2142.15)",0.7155852992245963
1146,1175.7244094488196,17.62423616308583,43.0,"(1154.6279069767443, 1403.6744186046512)",0.48540497712423875
1147,29743.931034482754,14.116504086360706,232.0,"(1159.9396551724137, 1741.9353448275863)",0.46971231834012317
1148,161735.12,12.277989162261058,433.0,"(1165.5311778290993, 390.0554272517321)",0.3212607525946756
1149,891.0629921259824,17.925228982989427,39.0,"(1160.179487179487, 785.5897435897435)",0.6005481314309974
1150,-2288.385826771657,nan,18.0,"(1159.0, 2218.3333333333335)",0.8560024162818194
1151,-21689.3412698413,nan,335.0,"(1173.689552238806, 981.1014925373134)",0.8978477938173562
1152,337.56916996047585,18.97909306038435,22.0,"(1160.4545454545455, 1266.1363636363637)",0.5479289026792924
1153,-3132.5905511810997,nan,21.0,"(1160.7142857142858, 1603.5238095238096)",0.1552395226538801
1154,127.91732283464444,20.0326765961515,9.0,"(1160.111111111111, 1474.3333333333333)",0.6945875203623408
1155,42963.90588235296,13.717240608655075,664.0,"(1173.5978915662652, 1938.085843373494)",0.6130688995513224
1156,-13484.976377952757,nan,16.0,"(1162.5625, 635.6875)",0.8025636590519764
1157,-3261.203125,nan,13.0,"(1161.6923076923076, 1544.3076923076924)",0.50709255283711
1158,364.28800000000047,18.896387836509664,12.0,"(1163.0, 1644.4166666666667)",0.8280471640739185
1159,-3203.59375,nan,19.0,"(1164.6842105263158, 2259.4210526315787)",0.7905537543974944
1160,207.7692307692305,19.506046920298466,18.0,"(1164.5555555555557, 279.5)",0.7233365665219814
1161,-13418.754940711464,nan,17.0,"(1166.3529411764705, 450.47058823529414)",0.8295968864413807
1162,518.5238095238092,18.513078242317533,32.0,"(1167.21875, 647.96875)",0.48442138417229696
1163,243.69649805447443,19.33287677907497,13.0,"(1166.6923076923076, 214.76923076923077)",0.5793691910670968
1164,6693.893280632386,15.735803039477245,138.0,"(1172.0652173913043, 1177.195652173913)",0.7781758003123389
1165,605.0866141732331,18.34545613624025,30.0,"(1168.6333333333334, 1054.9)",0.6560726283540717
1166,-2988.3359073359097,nan,31.0,"(1171.225806451613, 569.6451612903226)",0.6858589537528876
1167,4662.926829268283,16.12835349862216,165.0,"(1177.4969696969697, 1062.9939393939394)",0.545994605584167
1168,-22824.359375,nan,36.0,"(1176.638888888889, 2292.5555555555557)",0.874357521496736
1169,-5948.20784313725,nan,25.0,"(1173.44, 2097.8)",0.7148958514463806
1170,1061.8525896414358,17.73483942364675,45.0,"(1174.7777777777778, 604.9333333333333)",0.7153100356048923
1171,-1835.8294573643361,nan,65.0,"(1180.2307692307693, 1597.323076923077)",0.4131278139195442
1172,199.53571428571377,19.54994839995514,8.0,"(1178.875, 539.25)",0.8843384945005575
1173,12592.543307086627,15.049716367207708,172.0,"(1185.5290697674418, 311.81976744186045)",0.5910244073504342
1174,1759.2352941176505,17.186690176650593,53.0,"(1182.7358490566037, 1548.5094339622642)",0.6340944634763509
1175,1185.0588235294126,17.615650229408576,49.0,"(1183.6326530612246, 1197.3877551020407)",0.588060423814
1176,1899.484375,17.10341068641186,69.0,"(1183.6666666666667, 1733.2608695652175)",0.5494861920212489
1177,871.0198412698446,17.949929879829114,40.0,"(1185.375, 1678.95)",0.6333285261148937
1178,-2708.9446640316164,nan,39.0,"(1186.5641025641025, 799.8717948717949)",0.818980430146536
1179,11198.333333333343,15.177116523234771,110.0,"(1191.0181818181818, 2225.7909090909093)",0.4784488486805273
1180,12630.261904761894,15.046469109238446,174.0,"(1194.942528735632, 2025.5632183908046)",0.46214919743339783
1181,1302.590038314178,17.512980618647827,44.0,"(1191.5454545454545, 1330.5227272727273)",0.6720062553264409
1182,18463.809523809527,14.634196721915483,205.0,"(1195.9121951219513, 1869.780487804878)",0.6218700428726084
1183,-1703.0,nan,44.0,"(1193.9772727272727, 2285.25)",0.6244532209200737
1184,643.1732283464589,18.27918010274859,21.0,"(1193.4761904761904, 965.1904761904761)",0.6936071259583322
1185,-2895.930232558145,nan,31.0,"(1192.3870967741937, 1470.741935483871)",0.7112072678198758
1186,-21450.158730158728,nan,14.0,"(1194.0714285714287, 2240.4285714285716)",0.967540119476661
1187,-6765.072727272724,nan,19.0,"(1194.3157894736842, 2303.7368421052633)",0.8195233398470491
1188,2791.0,16.685600408778424,107.0,"(1200.2990654205607, 1832.6168224299065)",0.2867812126457202
1189,-5157.158730158728,nan,166.0,"(1203.6385542168675, 387.96385542168673)",0.761944788398276
1190,163.27626459143903,19.76769235974703,14.0,"(1198.7857142857142, 865.2857142857143)",0.34395801958630706
1191,-2193.573122529644,nan,8.0,"(1198.375, 2239.875)",0.8537954490857292
1192,-179372.1764705882,nan,365.0,"(1207.9095890410958, 2286.608219178082)",0.9091916543783306
1193,-2459.5238095238165,nan,39.0,"(1200.128205128205, 720.7948717948718)",0.8229452363831533
1194,141.28793774319092,19.92473728460689,19.0,"(1201.578947368421, 1968.7368421052631)",0.3487748339522835
1195,-20202.186770428016,nan,24.0,"(1205.5833333333333, 240.75)",0.7462031300675303
1196,718.7637795275587,18.158534540745634,38.0,"(1205.421052631579, 503.3421052631579)",0.5520193911006511
1197,-2854.2325581395344,nan,26.0,"(1204.423076923077, 1772.4615384615386)",0.5393905002144566
1198,-3107.116279069767,nan,15.0,"(1205.2666666666667, 1747.6)",0.8574161103280181
1199,30766.039682539646,14.079821010333063,198.0,"(1215.3737373737374, 2155.939393939394)",0.8231630025645393
1200,358.9090909090919,18.912538852901562,15.0,"(1209.9333333333334, 1565.8)",0.7798717871320033
1201,-384691.1832669324,nan,521.0,"(1223.9731285988485, 2230.6007677543184)",0.7909913541457314
1202,843.5298804780905,17.98474882181901,46.0,"(1211.5869565217392, 465.9347826086956)",0.7738934785215705
1203,1230.9098039215678,17.574434423102836,9.0,"(1212.2222222222222, 2238.4444444444443)",0.8430537009659907
1204,-2966.9055118110227,nan,9.0,"(1211.3333333333333, 2246.1111111111113)",0.9003995804089001
1205,410.4921875,18.766737759929725,22.0,"(1213.1818181818182, 640.2727272727273)",0.8077618387152704
1206,151.23735408560242,19.850852323183737,11.0,"(1214.5454545454545, 1059.2727272727273)",0.7651734615999966
1207,11915.65217391304,15.109705456566907,132.0,"(1219.090909090909, 1337.3560606060605)",0.4103805290060842
1208,541.4342629482053,18.466135661871363,25.0,"(1216.04, 2021.6)",0.7187164017563265
1209,697.8640000000014,18.19057301150935,33.0,"(1217.090909090909, 1515.2727272727273)",0.7143700814746516
1210,3026.9683794466546,16.597480289451614,132.0,"(1224.090909090909, 431.5151515151515)",0.5777540646204617
1211,2012.078125,17.04088790123997,63.0,"(1223.857142857143, 938.6666666666666)",0.755542624320808
1212,-5060.535031847132,nan,58.0,"(1227.6379310344828, 4.327586206896552)",0.6785701952560399
1213,5538.59375,15.941501221816297,132.0,"(1227.7954545454545, 912.7348484848485)",0.5317170297972592
1214,-6617.031999999999,nan,9.0,"(1225.0, 20.444444444444443)",0.8251935881864001
1215,1018.6535433070894,17.779933749538458,43.0,"(1231.6744186046512, 675.3720930232558)",0.702055241950661
1216,474.23046875,18.61002636637906,26.0,"(1231.1153846153845, 1006.8846153846154)",0.8523794417676507
1217,23790.77906976745,14.358978340034923,227.0,"(1238.295154185022, 2158.2290748898677)",0.33223222373320377
1218,-1673.320158102768,nan,8.0,"(1234.875, 2227.375)",0.8779711460710615
1219,727.5625,18.14532423355537,38.0,"(1236.1842105263158, 943.6842105263158)",0.8115151892066897
1220,585.9047619047633,18.380432430691407,32.0,"(1239.09375, 1063.6875)",0.6440634429155432
1221,-2875.43410852713,nan,22.0,"(1240.6818181818182, 2260.2272727272725)",0.5914281140003039
1222,111503.66929133853,12.681777102239984,620.0,"(1252.975806451613, 2205.8129032258066)",0.31392220065413384
1223,12851.984126984127,15.027574548753575,59.0,"(1243.1016949152543, 2280.6610169491523)",0.708916095530151
1224,2644.625,16.74408975233922,80.0,"(1244.5375, 94.4)",0.7296426601390468
1225,178.95736434108403,19.668126062731076,10.0,"(1242.1, 1762.1)",0.7974069660082093
1226,10866.04296875,15.209821454805047,152.0,"(1248.8552631578948, 56.93421052631579)",0.5992689354310536
1227,-467.671875,nan,8.0,"(1243.5, 2255.25)",0.848944332064475
1228,-6015.71428571429,nan,50.0,"(1247.78, 441.22)",0.6858661585029195
1229,795.8611111111095,18.047906790269405,19.0,"(1246.0, 1507.6315789473683)",0.731836586239893
1230,843.7333333333299,17.984486982255206,52.0,"(1249.6923076923076, 767.5192307692307)",0.5401739517496653
1231,299.72941176470704,19.108176596586638,19.0,"(1248.2105263157894, 105.47368421052632)",0.37962726358295873
1232,699.8446215139411,18.187495926783843,45.0,"(1251.1333333333334, 1145.7333333333333)",0.46065878544235034
1233,1142.251968503937,17.655595212071734,46.0,"(1250.7391304347825, 1426.804347826087)",0.6946823225518715
1234,4093.207999999984,16.26984046433539,99.0,"(1254.2424242424242, 1639.8989898989898)",0.797136685956717
1235,2679.1111111111095,16.73002318617192,82.0,"(1253.439024390244, 430.0975609756098)",0.6631941697732027
1236,4013.5882352941117,16.291167962476635,94.0,"(1254.212765957447, 779.436170212766)",0.6735051233986328
1237,2862.361867704283,16.658188655989342,50.0,"(1256.56, 31.26)",0.6184416688901385
1238,-2481.623529411765,nan,9.0,"(1253.7777777777778, 1999.4444444444443)",0.5715930647113177
1239,170.13385826771628,19.72302312255919,11.0,"(1254.6363636363637, 1733.0)",0.6019292654288461
1240,-2628.3253012048226,nan,60.0,"(1258.75, 2302.866666666667)",0.4472280047918242
1241,-13380.4375,nan,16.0,"(1256.625, 351.8125)",0.8747914172800582
1242,798.0952380952367,18.044863201099155,42.0,"(1259.0714285714287, 1833.5714285714287)",0.1643919745589737
1243,1117.9523809523816,17.678941736942534,16.0,"(1258.4375, 141.0625)",0.8451341807214056
1244,4282.8015873015975,16.22068011259371,85.0,"(1260.6117647058823, 1683.0470588235294)",0.7161278244222689
1245,-176757.0,nan,100.0,"(1260.75, 1070.21)",0.9569517731428537
1246,20802.494296577992,14.504711470971216,242.0,"(1266.495867768595, 1760.4710743801652)",0.6155310357397127
1247,4570.468992248061,16.150098082815077,81.0,"(1264.111111111111, 683.9753086419753)",0.7601795262299538
1248,6359.1111111111095,15.791508966586077,129.0,"(1265.6511627906978, 1503.0232558139535)",0.33551208048463843
1249,71294.15415019763,13.167365197964838,321.0,"(1271.417445482866, 118.91277258566979)",0.5554412949281801
1250,-5865.407114624504,nan,55.0,"(1266.9272727272728, 402.6)",0.5730394899184801
1251,10534.159362549799,15.243500289620618,53.0,"(1268.7924528301887, 2265.8490566037735)",0.6191807753565278
1252,1061.9294117647005,17.734760876450725,40.0,"(1267.55, 900.4)",0.82314017101933
1253,-3278.0389105058366,nan,9.0,"(1267.7777777777778, 1277.3333333333333)",0.5886140160896226
1254,-3249.9727626459153,nan,9.0,"(1268.7777777777778, 1131.6666666666667)",0.7476211403967076
1255,14998.347826086974,14.859891447282902,133.0,"(1272.5563909774437, 2051.3383458646617)",0.7551453012353295
1256,-8966.629921259842,nan,11.0,"(1268.8181818181818, 46.45454545454545)",0.8639619899603015
1257,2726.203125,16.711104471785156,59.0,"(1275.6271186440679, 1363.2881355932204)",0.6303839498057184
1258,-3303.8110236220473,nan,8.0,"(1272.625, 1629.375)",0.7905694150420949
1259,562.3137254901958,18.42505328921732,14.0,"(1274.0714285714287, 2110.3571428571427)",0.5512523762486936
1260,-10321.4140625,nan,89.0,"(1278.8539325842696, 2243.932584269663)",0.7587958411803398
1261,2869.082352941179,16.65564246441932,52.0,"(1278.173076923077, 2080.596153846154)",0.47563558408254325
1262,173.03600000000006,19.70465883213679,17.0,"(1276.235294117647, 682.0)",0.7094881793820081
1263,9062.6015625,15.406867783387227,31.0,"(1277.032258064516, 1288.8387096774193)",0.6360118329187991
1264,1151.3050193050149,17.6470240048876,35.0,"(1278.4571428571428, 715.5428571428571)",0.7204311217939205
1265,-3172.4920634920636,nan,16.0,"(1277.875, 740.4375)",0.8163357873773154
1266,539.2217898832678,18.470581415834765,17.0,"(1278.235294117647, 795.2941176470588)",0.47756733175973337
1267,-3317.2380952380954,nan,9.0,"(1280.2222222222222, 1250.7777777777778)",0.69693274533696
1268,180835.88549618318,12.156788457238461,458.0,"(1291.9301310043668, 777.9628820960698)",0.5220533776755163
1269,1362.2322834645674,17.464372079028728,34.0,"(1284.0882352941176, 2012.4117647058824)",0.5547983153248566
1270,4157.944881889765,16.252803180037702,46.0,"(1284.891304347826, 2135.3478260869565)",0.6473644291138828
1271,672.0705882352922,18.231462775434267,32.0,"(1286.34375, 1788.5625)",0.6004403190721304
1272,-12815.1015625,nan,44.0,"(1289.1818181818182, 2158.7045454545455)",0.8831514718950005
1273,-12962.749003984063,nan,12.0,"(1288.3333333333333, 505.9166666666667)",0.9373848467075497
1274,1418.7857142857101,17.42020798269315,67.0,"(1291.5074626865671, 1019.6567164179105)",0.353689680805171
1275,814.222222222219,18.023142621948832,37.0,"(1289.2162162162163, 1539.972972972973)",0.6671334770881199
1276,1880.2950191570853,17.114435010963142,51.0,"(1291.5294117647059, 2056.450980392157)",0.39653793896400374
1277,-5455.3359375,nan,61.0,"(1295.344262295082, 334.344262295082)",0.8004401875886054
1278,-3268.540000000001,nan,13.0,"(1293.0, 1408.2307692307693)",0.6302235883180972
1279,7012.590551181114,15.685303794509014,135.0,"(1297.7851851851851, 706.8222222222222)",0.6474489450591148
1280,299.59302325581666,19.108670761116176,22.0,"(1295.7727272727273, 1841.6818181818182)",0.494122571756762
1281,-7185.464864864865,nan,8.0,"(1294.625, 2300.5)",0.9292362252950345
1282,10392.069767441862,15.258244865693685,132.0,"(1305.3484848484848, 2060.810606060606)",0.7147520791698824
1283,3048.684824902797,16.58971867742749,1033.0,"(1325.5759922555662, 84.270087124879)",0.7713503414122279
1284,2422.7354085603147,16.839235033451928,70.0,"(1302.2857142857142, 1660.8)",0.6568761357856191
1285,-24479.585657370524,nan,25.0,"(1303.08, 2277.76)",0.9060620746344095
1286,41586.649805447494,13.752615161795749,376.0,"(1311.8696808510638, 2091.8909574468084)",0.5465354702895325
1287,742.2799999999988,18.12358060231172,34.0,"(1304.0, 937.5588235294117)",0.455816785018513
1288,9222.176470588223,15.387916429031117,142.0,"(1311.1901408450703, 2118.176056338028)",0.6588115331798045
1289,23560.137254901987,14.369555459492378,179.0,"(1311.9050279329608, 16.379888268156424)",0.5729712699647534
1290,1011.6078431372516,17.78746953042163,29.0,"(1307.5172413793102, 1095.7931034482758)",0.5206021655256846
1291,-2223.6062992126026,nan,25.0,"(1306.56, 2220.32)",0.7461013776399057
1292,871.8503937007918,17.948895079997897,37.0,"(1308.2432432432433, 588.1891891891892)",0.5290720549351905
1293,247.75,19.31496584210672,11.0,"(1308.090909090909, 1043.909090909091)",0.4701715185717577
1294,380.9842519685044,18.84773243892466,8.0,"(1306.625, 1058.625)",0.713214926384501
1295,678.8582677165396,18.22055222105042,30.0,"(1309.3666666666666, 212.46666666666667)",0.8282869821992975
1296,665.2687747035525,18.24250715069718,33.0,"(1309.1818181818182, 1251.030303030303)",0.6210936384416491
1297,-2716.697674418603,nan,32.0,"(1311.875, 2264.875)",0.7972902328536792
1298,2256.581027667984,16.916372668834782,94.0,"(1315.436170212766, 948.9148936170212)",0.3857007591447397
1299,2396.6279069767443,16.85099846987071,9.0,"(1310.888888888889, 1994.0)",0.9480561269985929
1300,7506.1411764705845,15.61145817894884,115.0,"(1316.0869565217392, 2018.6)",0.665002598343204
1301,57282.196850393666,13.404950836487401,325.0,"(1323.5907692307692, 44.356923076923074)",0.46446059823763697
1302,206.8160000000007,19.51103966439355,12.0,"(1313.5833333333333, 270.0)",0.6527719304084897
1303,31692.536964980565,14.047607486136593,221.0,"(1321.4389140271494, 166.2714932126697)",0.4791146779964984
1304,397.03125,18.802938272333794,17.0,"(1314.7058823529412, 1435.8235294117646)",0.7990971677654323
1305,3443.203125,16.457593390475814,80.0,"(1319.225, 1199.275)",0.6513381922496997
1306,12093.856573705212,15.09358796546579,217.0,"(1324.0967741935483, 308.1981566820277)",0.6993021618331422
1307,2236.612403100764,16.9260231776432,66.0,"(1320.590909090909, 384.24242424242425)",0.7483202503268245
1308,328.9803149606305,19.007075219864756,18.0,"(1321.111111111111, 508.3888888888889)",0.6303039936791248
1309,60129.91411042941,13.352273541250764,203.0,"(1335.5073891625616, 4.458128078817734)",0.8370562544713024
1310,988.6852589641348,17.81235485252878,52.0,"(1326.1153846153845, 422.78846153846155)",0.8069997757157604
1311,1129.0,17.668265145187583,36.0,"(1326.388888888889, 711.4444444444445)",0.5612962289893164
1312,-2853.4513618677083,nan,33.0,"(1327.2424242424242, 438.3030303030303)",0.8599151692388765
1313,674.0,18.2283502586617,34.0,"(1328.3823529411766, 1081.4117647058824)",0.5403264776313613
1314,4753.334645669282,16.10750402325138,80.0,"(1328.75, 1662.1875)",0.5669180823285407
1315,-502.960629921261,nan,44.0,"(1329.6818181818182, 2170.4772727272725)",0.4278147442576925
1316,17538.76356589145,14.690002566113346,155.0,"(1332.6387096774195, 1168.2451612903226)",0.5337339878885344
1317,-134677.05098039214,nan,255.0,"(1337.3254901960784, 1869.129411764706)",0.7617930959492817
1318,-2225.723076923081,nan,112.0,"(1332.9464285714287, 1451.9107142857142)",0.7525341996512004
1319,852.1111111111095,17.973759429174237,32.0,"(1329.875, 1839.75)",0.5871687332437799
1320,526.4552529182874,18.49659634152167,38.0,"(1332.1052631578948, 230.1315789473684)",0.2697886354790127
1321,2367.666666666668,16.864198600119018,29.0,"(1330.8275862068965, 2130.689655172414)",0.47120659138356874
1322,293.29296875,19.131745871100264,13.0,"(1332.8461538461538, 1889.923076923077)",0.6618028466539135
1323,-1549.6484375,nan,9.0,"(1333.6666666666667, 1984.6666666666667)",0.8664423838836067
1324,903.1847389558243,17.91055852315521,40.0,"(1338.525, 847.95)",0.6177837535289364
1325,1825.076923076922,17.146797065602595,31.0,"(1339.4516129032259, 2286.516129032258)",0.7015215292540941
1326,11909.0,15.110311761850419,161.0,"(1344.4347826086957, 2006.1490683229813)",0.4132812159542389
1327,2108.69921875,16.9899634071626,86.0,"(1343.7674418604652, 698.6627906976744)",0.6192826250029354
1328,10601.75,15.236556102731207,175.0,"(1345.2914285714285, 993.88)",0.6899918555420572
1329,3358.8274509803887,16.484530765188836,61.0,"(1343.1967213114754, 2092.754098360656)",0.5041173503261972
1330,1793.885375494072,17.16551327667019,57.0,"(1345.0701754385964, 284.64912280701753)",0.4396607871502239
1331,321.98823529411675,19.030399990327094,25.0,"(1345.44, 313.2)",0.6164713095352408
1332,-4210.466926070039,nan,14.0,"(1345.7142857142858, 535.5714285714286)",0.715620400182877
1333,8996.550387596886,15.414809958295429,159.0,"(1351.7295597484276, 125.61006289308176)",0.5551020127804475
1334,-2890.2204724409457,nan,29.0,"(1348.448275862069, 592.3103448275862)",0.48809517738608615
1335,345.09448818897727,18.955154942891458,17.0,"(1347.4705882352941, 1674.1176470588234)",0.7679974044725549
1336,4559.434782608703,16.15272247996642,129.0,"(1352.8682170542636, 1740.3488372093022)",0.40343959386477496
1337,506.1811023622031,18.53923518178981,27.0,"(1349.5185185185185, 1805.1851851851852)",0.3404185568019447
1338,676.6932270916295,18.224020425687485,33.0,"(1352.5757575757575, 336.030303030303)",0.5071020203798048
1339,78323.91199999995,13.0652640730077,413.0,"(1361.0145278450364, 375.55690072639226)",0.43058527229414184
1340,965.7727272727243,17.837812657315883,19.0,"(1353.0526315789473, 453.0)",0.7386545182038354
1341,-4987.823529411762,nan,23.0,"(1352.4347826086957, 161.34782608695653)",0.9211975204546096
1342,585.3149606299194,18.381525937980467,21.0,"(1352.4761904761904, 1465.6190476190477)",0.7895889970336986
1343,1182.0279999999984,17.61843058930217,44.0,"(1354.7727272727273, 1526.0)",0.7172012256980729
1344,13899.961089494172,14.942466038688796,160.0,"(1359.775, 2071.60625)",0.5963859792958149
1345,1950.4285714285652,17.07467487447051,66.0,"(1357.2878787878788, 860.0909090909091)",0.697365305067818
1346,-6688.543999999998,nan,9.0,"(1359.2222222222222, 778.0)",0.914510483313302
1347,53921.99212598428,13.47058517836005,358.0,"(1368.4972067039107, 1449.8715083798882)",0.4328344146572177
1348,4085.8132295719843,16.271803724227215,11.0,"(1360.5454545454545, 533.7272727272727)",0.7805914330908924
1349,523.4516129032272,18.502808644181364,27.0,"(1364.0, 1880.4814814814815)",0.7426992772499621
1350,-10017.9765625,nan,12.0,"(1363.5, 2280.1666666666665)",0.9266309390334873
1351,-18524.24803149607,nan,63.0,"(1366.4761904761904, 549.6984126984127)",0.9038120003056427
1352,13992.953488372092,14.935226523576542,172.0,"(1370.2790697674418, 700.3081395348837)",0.5192629830762783
1353,100.92430278884422,20.290010605314396,9.0,"(1364.111111111111, 1940.2222222222222)",0.7934920476158722
1354,2824.808764940237,16.67252736973737,33.0,"(1367.7575757575758, 177.15151515151516)",0.4078243690056622
1355,-7495.166666666657,nan,85.0,"(1371.105882352941, 271.25882352941176)",0.790916052306392
1356,543.34375,18.46231331049407,27.0,"(1369.1851851851852, 1575.2962962962963)",0.5817685618279391
1357,-1861.8653846153848,nan,11.0,"(1371.090909090909, 2218.090909090909)",0.5182012229742309
1358,-149478.09375,nan,182.0,"(1380.5549450549452, 36.76373626373626)",0.8985201453005954
1359,685.6640000000007,18.209721630171256,12.0,"(1374.5833333333333, 14.0)",0.6527719304084897
1360,-33273.196911196894,nan,76.0,"(1378.7894736842106, 2254.6447368421054)",0.8717452576337003
1361,433.05447470816944,18.708643673798438,26.0,"(1376.7692307692307, 1921.3076923076924)",0.6306238066906822
1362,-1786.90625,nan,8.0,"(1376.5, 2279.25)",0.8185346118482661
1363,3071.3386454183274,16.581680739152713,43.0,"(1379.3953488372092, 18.953488372093023)",0.47944402122955787
1364,1413.7952755905499,17.424033684831485,52.0,"(1380.2884615384614, 1366.173076923077)",0.5074497254044503
1365,-731951.1102362205,nan,1249.0,"(1405.590072057646, 372.82145716573257)",0.8974553447644259
1366,275.8372093023245,19.198367874183226,19.0,"(1379.1052631578948, 451.0)",0.7977910843979334
1367,-3177.63779527559,nan,16.0,"(1380.375, 346.375)",0.7512200188308011
1368,253.039370078739,19.29202975558086,21.0,"(1380.7619047619048, 1976.7619047619048)",0.45033539544069034
1369,6921.433070866158,15.699509940760532,159.0,"(1387.1572327044025, 1015.4716981132076)",0.7647488880166564
1370,2379.9055118110264,16.858600712940312,60.0,"(1382.5333333333333, 1739.65)",0.3903881193851534
1371,354.89189189189347,18.924759806835542,20.0,"(1383.2, 1226.35)",0.6401028847529812
1372,10776.8984375,15.21876552488867,54.0,"(1386.3333333333333, 1286.648148148148)",0.6420982854037522
1373,-3216.181102362203,nan,17.0,"(1385.8235294117646, 412.4117647058824)",0.5640550761816944
1374,-2956.653543307086,nan,9.0,"(1385.0, 2095.3333333333335)",0.7211200002014748
1375,172.6108949416339,19.707329489343117,9.0,"(1387.6666666666667, 221.77777777777777)",0.5612111506528393
1376,3262.1039999999994,16.516255493044596,22.0,"(1388.0454545454545, 535.2727272727273)",0.6065347904255793
1377,862.3587786259523,17.96078002812974,32.0,"(1389.96875, 1600.96875)",0.7112291662231021
1378,1497.1354581673295,17.36184725920723,53.0,"(1392.0188679245282, 1672.301886792453)",0.4657041924502572
1379,-10092.897637795275,nan,10.0,"(1391.5, 862.8)",0.9221268246506834
1380,7437.342519685044,15.621455542589032,98.0,"(1396.8163265306123, 171.41836734693877)",0.5914276256502362
1381,3564.169960474319,16.420103986099555,89.0,"(1395.6179775280898, 425.85393258426967)",0.6216992157889829
1382,435.711538461539,18.702002347441866,15.0,"(1393.0666666666666, 655.0666666666667)",0.5946622473352393
1383,174.05426356589305,19.698288334849522,12.0,"(1392.1666666666667, 1894.0)",0.700140042014005
1384,-11165.944444444438,nan,16.0,"(1393.3125, 2292.0)",0.7168985771052305
1385,142.27559055118036,19.917174007664293,14.0,"(1393.642857142857, 1791.642857142857)",0.5829682942203307
1386,-38.90476190476329,nan,48.0,"(1394.875, 1814.25)",0.8573075377693631
1387,-3185.89453125,nan,17.0,"(1394.8235294117646, 1964.2941176470588)",0.5646020042453399
1388,4092.1254901960783,16.27012764141727,75.0,"(1399.24, 41.74666666666667)",0.4953267126844524
1389,860.3412698412649,17.963323109653835,28.0,"(1396.9642857142858, 672.2142857142857)",0.6979184892559254
1390,268.8818897637793,19.226096120515805,12.0,"(1395.6666666666667, 1208.0)",0.7260763534314171
1391,-6251.53125,nan,27.0,"(1398.7407407407406, 157.4814814814815)",0.7179255192482146
1392,2495.1904761904734,16.807240739729778,61.0,"(1401.7868852459017, 2109.1311475409834)",0.707735803595624
1393,3707.1185770751,16.37740880566673,13.0,"(1400.8461538461538, 2287.6153846153848)",0.6634597639738511
1394,-2100.383399209488,nan,22.0,"(1402.8636363636363, 2166.181818181818)",0.7525002553533198
1395,-1307.0557768924336,nan,37.0,"(1403.6756756756756, 284.94594594594594)",0.7311631378350552
1396,2612.847058823536,16.75721502663167,73.0,"(1404.6986301369864, 1183.835616438356)",0.7391258094500918
1397,-14749.32307692308,nan,16.0,"(1404.4375, 2207.5)",0.8377984181883645
1398,-9812.843137254902,nan,17.0,"(1404.6470588235295, 942.5882352941177)",0.9197211384685354
1399,-28942.408560311284,nan,23.0,"(1406.2173913043478, 2236.6521739130435)",0.8724170754657601
1400,-2607.576000000001,nan,41.0,"(1408.0, 219.2439024390244)",0.5413662129525296
1401,395.225296442688,18.807888165310466,26.0,"(1407.8846153846155, 782.5769230769231)",0.6656435126102515
1402,301.53543307086693,19.10165411774006,8.0,"(1408.375, 98.375)",0.20412414523193195
1403,646.6929133858284,18.273254745321605,28.0,"(1411.1785714285713, 1627.4642857142858)",0.4577512598241096
1404,-4618.84375,nan,38.0,"(1412.6842105263158, 109.34210526315789)",0.7695918793605818
1405,20891.50194552529,14.50007584078572,238.0,"(1419.4411764705883, 1720.7563025210084)",0.667479179693015
1406,-1701.4666666666672,nan,20.0,"(1413.3, 2196.6)",0.6840899046022422
1407,196767.51778656128,12.065116482373043,503.0,"(1424.6441351888668, 1925.5248508946322)",0.4865088107232458
1408,3779.744186046504,16.35634398079576,45.0,"(1416.2222222222222, 2096.711111111111)",0.7914603522880472
1409,-6171.6875,nan,10.0,"(1415.4, 75.8)",0.9109931599811714
1410,193.7764705882346,19.581747396310043,13.0,"(1416.3076923076924, 1364.1538461538462)",0.6294635096463683
1411,948.2431372549036,17.8577007293618,40.0,"(1418.675, 1694.825)",0.5691984714164875
1412,101042.3622047244,12.788741273103188,527.0,"(1429.6546489563568, 1960.8576850094876)",0.36495792649305
1413,312.1746031746043,19.06400607917514,19.0,"(1420.3157894736842, 1190.1052631578948)",0.7475286879882062
1414,-19659.666666666686,nan,103.0,"(1422.3106796116506, 1550.8446601941748)",0.9032242631698262
1415,1662.7884615384537,17.247907494555115,60.0,"(1425.1, 202.08333333333334)",0.6579649174140091
1416,557.0194552529174,18.435324089438083,33.0,"(1423.2727272727273, 932.2424242424242)",0.3499713841377899
1417,857.5637065637056,17.966834018208967,41.0,"(1423.4634146341464, 1494.4634146341464)",0.7580992333422827
1418,2561.5490196078463,16.778743321856872,34.0,"(1424.0294117647059, 2304.764705882353)",0.5691105563909197
1419,-2943.88844621514,nan,24.0,"(1425.7083333333333, 501.875)",0.7755647989254261
1420,-3210.698039215684,nan,19.0,"(1425.578947368421, 1886.6315789473683)",0.7981364336067536
1421,1169.8559999999998,17.629668982929953,44.0,"(1427.7272727272727, 564.0909090909091)",0.5104918737356093
1422,8513.75,15.474697766773339,51.0,"(1427.2745098039215, 2289.3333333333335)",0.5233644368589301
1423,346.26459143968896,18.951479791401994,14.0,"(1426.7857142857142, 437.2857142857143)",0.869647182843817
1424,416.1568627450979,18.75185734780916,23.0,"(1427.8260869565217, 689.2608695652174)",0.7688451506697372
1425,-13532.027888446213,nan,9.0,"(1430.7777777777778, 1996.888888888889)",0.959892961894615
1426,3512.1050583657634,16.43608125356482,85.0,"(1434.2235294117647, 1895.4117647058824)",0.3364063214418591
1427,1665.9328063241119,17.24585629848628,63.0,"(1433.3333333333333, 2174.5555555555557)",0.4487919265939731
1428,404.01171875,18.78401509393978,27.0,"(1433.6666666666667, 860.2592592592592)",0.592855540482195
1429,2171.3359375,16.95818244906107,101.0,"(1440.3267326732673, 496.3168316831683)",0.7857240653806824
1430,-16858.370078740154,nan,16.0,"(1436.4375, 563.625)",0.8992356166236039
1431,3105.1904761904734,16.569779386285937,75.0,"(1438.0533333333333, 1071.6133333333332)",0.5492188736710566
1432,269.7704280155631,19.222514147534547,20.0,"(1437.6, 829.75)",0.6692746932682871
1433,151.79411764705947,19.846862644930752,10.0,"(1437.0, 627.0)",0.816496580927726
1434,699.479838709678,18.188061996937964,30.0,"(1439.0, 1594.2666666666667)",0.4971813017340286
1435,4799.28125,16.097059496421316,119.0,"(1443.1680672268908, 2099.0252100840335)",0.4385958968649144
1436,2944.6047430830076,16.627432481749384,92.0,"(1444.391304347826, 291.5652173913044)",0.6168478619960592
1437,5276.921259842522,15.994048465367797,142.0,"(1445.274647887324, 1244.4788732394366)",0.42486273810179304
1438,-3104.2538461538497,nan,14.0,"(1441.0714285714287, 1283.0)",0.825239174609839
1439,1036.85546875,17.760704443402876,39.0,"(1442.6666666666667, 1445.179487179487)",0.5907080979387737
1440,454.3449612403101,18.656535709953403,8.0,"(1440.125, 2261.875)",0.6123724356957945
1441,491.9599999999991,18.57017551790622,33.0,"(1442.7575757575758, 774.0909090909091)",0.47039243899001154
1442,353.046875,18.930419070791665,17.0,"(1445.7058823529412, 330.3529411764706)",0.47216235807329165
1443,1349.3725490196084,17.474670322917667,51.0,"(1445.8039215686274, 807.7450980392157)",0.7342521777392643
1444,1719.508064516136,17.21148945747546,62.0,"(1448.016129032258, 521.7096774193549)",0.6113428178813203
1445,746.3280000000013,18.117675661601623,14.0,"(1447.0, 1406.5714285714287)",0.7784484179504026
1446,873.9601593625484,17.946270912016324,32.0,"(1447.78125, 1935.90625)",0.5243555244334025
1447,45441.33333333334,13.65637233525328,234.0,"(1457.1153846153845, 66.54700854700855)",0.5803123374590804
1448,-9992.353846153845,nan,11.0,"(1448.090909090909, 423.90909090909093)",0.8357284508494809
1449,251.234375,19.29980234693651,12.0,"(1449.75, 319.5)",0.5459975741638351
1450,-2642.474308300396,nan,9.0,"(1449.4444444444443, 2204.6666666666665)",0.9031633361856085
1451,88.18897637795271,20.43646424571444,9.0,"(1450.6666666666667, 347.8888888888889)",0.6945875203623408
1452,-6403.14453125,nan,11.0,"(1450.2727272727273, 1082.3636363636363)",0.8821250065962405
1453,-5445.983999999997,nan,32.0,"(1452.0, 2253.59375)",0.6693701864789403
1454,1480.7490039840632,17.373796377030516,59.0,"(1455.4406779661017, 451.06779661016947)",0.5897064301826563
1455,2859.529880478087,16.659263402401642,9.0,"(1453.888888888889, 2293.777777777778)",0.8271049045234626
1456,-9161.2734375,nan,12.0,"(1454.6666666666667, 26.583333333333332)",0.8945248843863496
1457,1081.2167300380243,17.715218107333897,58.0,"(1457.5172413793102, 623.4827586206897)",0.6026877390592611
1458,-6411.297297297297,nan,8.0,"(1453.625, 2012.75)",0.934427056149659
1459,1387.057142857143,17.444764117114303,9.0,"(1454.6666666666667, 2298.0)",0.5
1460,591.743083003952,18.36966702479746,30.0,"(1457.0333333333333, 1233.2)",0.6677550050216418
1461,466.4126984126997,18.62807408529086,17.0,"(1457.8235294117646, 1507.8235294117646)",0.7746388406796663
1462,8091.956175298808,15.529866194905528,107.0,"(1461.018691588785, 1817.7383177570093)",0.26689949336610796
1463,1069.8031496062977,17.726740319583012,30.0,"(1458.6333333333334, 1382.3666666666666)",0.7040155074664467
1464,737.7322834645674,18.13025302805684,27.0,"(1458.6666666666667, 1955.3703703703704)",0.5406767083486252
1465,3278.4126984126924,16.510840941921714,76.0,"(1461.5, 1357.342105263158)",0.5042699735474372
1466,956.7209302325573,17.84803681212733,58.0,"(1461.603448275862, 285.7413793103448)",0.32157448996687465
1467,-2939.4173228346444,nan,17.0,"(1461.1764705882354, 607.0588235294117)",0.7504388345533874
1468,-9974.875,nan,57.0,"(1463.3157894736842, 2048.5789473684213)",0.8634723743120576
1469,-3308.008,nan,9.0,"(1462.4444444444443, 1109.0)",0.7350307664916406
1470,263.0965250965255,19.24971221978356,8.0,"(1462.625, 1841.75)",0.8124097554365945
1471,-3071.7674418604656,nan,15.0,"(1464.8666666666666, 483.1333333333333)",0.6919554283082572
1472,15280.59607843138,14.83964926025745,39.0,"(1465.5128205128206, 1321.3846153846155)",0.7153670332475808
1473,45040.4705882353,13.66599270143051,279.0,"(1474.663082437276, 779.6164874551971)",0.3036352792363228
1474,363.9765625,18.897316452310278,17.0,"(1470.1176470588234, 967.1176470588235)",0.5705217904229382
1475,700.1739130434798,18.186985185342486,30.0,"(1470.9, 1090.4333333333334)",0.6237410172065194
1476,-5965.886274509801,nan,59.0,"(1473.135593220339, 711.3220338983051)",0.5866013620622321
1477,645.9260700389132,18.274542966666758,31.0,"(1471.3225806451612, 1057.2903225806451)",0.5559841746338255
1478,1942.0078740157478,17.079372533862703,58.0,"(1472.0862068965516, 1884.448275862069)",0.6358342694069559
1479,888.9839357429737,17.927765217037958,32.0,"(1472.71875, 362.03125)",0.7308024734685549
1480,-3287.0,nan,31.0,"(1472.1290322580646, 2302.0)",0.860769147803969
1481,165.2823529411762,19.754433783031377,10.0,"(1474.1, 919.6)",0.6810724057524696
1482,305.0,19.089250401633038,22.0,"(1475.4545454545455, 1400.909090909091)",0.6934741146458836
1483,18905.37354085603,14.608536843078415,197.0,"(1482.6852791878173, 463.79695431472084)",0.5007082291715987
1484,-1557.0433070866275,nan,99.0,"(1479.828282828283, 1987.4343434343434)",0.8434504343708763
1485,369.7999999999993,18.880082732942117,11.0,"(1477.2727272727273, 347.90909090909093)",0.8006525873778298
1486,194.25196850393695,19.579086428665555,8.0,"(1478.5, 835.625)",0.6353272369503311
1487,557.4960629921261,18.4343954880844,31.0,"(1480.7096774193549, 594.8387096774194)",0.7692322550178801
1488,2193.2490272373543,16.94728013647547,74.0,"(1482.7162162162163, 887.6351351351351)",0.6736364773320016
1489,186.55769230769147,19.62296709762316,11.0,"(1479.909090909091, 1234.909090909091)",0.7695600743681448
1490,1620.34375,17.275982104242953,50.0,"(1486.86, 526.9)",0.5956504892587587
1491,3765.811023622038,16.360353693975085,85.0,"(1488.8470588235293, 1086.6)",0.6540898565159599
1492,-6457.964143426296,nan,12.0,"(1486.0833333333333, 924.3333333333334)",0.8497252126318866
1493,2349.992063492071,16.87233401111579,68.0,"(1489.3382352941176, 2024.1029411764705)",0.7011130500633409
1494,4956.335999999999,16.062098149000832,21.0,"(1487.0, 2266.5714285714284)",0.7721538265662009
1495,-12309.6875,nan,10.0,"(1489.8, 2184.7)",0.9246066505246929
1496,-6410.115384615405,nan,146.0,"(1499.5205479452054, 2304.917808219178)",0.7916454301504308
1497,696.2047244094501,18.19315758485429,27.0,"(1493.4074074074074, 885.8148148148148)",0.5645033167345919
1498,-13096.954545454544,nan,28.0,"(1493.9642857142858, 617.9642857142857)",0.8719914868561085
1499,19110.75294117647,14.596805504790991,174.0,"(1504.0459770114942, 911.1609195402299)",0.5660335751997406
1500,-136310.53488372092,nan,147.0,"(1501.1156462585034, 2231.986394557823)",0.9236273867998346
1501,363406.30434782605,11.399018857128823,728.0,"(1508.1126373626373, 103.18818681318682)",0.5248842325462134
1502,5473.787644787633,15.954280137558545,93.0,"(1497.6559139784947, 786.8064516129032)",0.5749861181781712
1503,29628.118110236188,14.120739831837797,277.0,"(1504.4296028880867, 688.1913357400722)",0.485818866334294
1504,-3055.75,nan,15.0,"(1496.0, 674.0666666666667)",0.9174362006392025
1505,-6598.894117647062,nan,14.0,"(1498.9285714285713, 1966.357142857143)",0.7736801802161614
1506,612.6062992125953,18.332046354527154,29.0,"(1500.5172413793102, 330.82758620689657)",0.6173823752809026
1507,-28553.07086614173,nan,73.0,"(1504.3972602739725, 1872.6438356164383)",0.8807649307691237
1508,-9048.539370078739,nan,41.0,"(1506.1707317073171, 2039.9268292682927)",0.7364823920287181
1509,1188783.875,10.112242736091186,1206.0,"(1523.766169154229, 837.4825870646766)",0.34909367266171776
1510,7409.047999999981,15.625593979008478,151.0,"(1512.0794701986756, 72.27814569536424)",0.8227098296021108
1511,-3191.2637795275587,nan,14.0,"(1509.0, 657.3571428571429)",0.7694363841442753
1512,-2907.482352941177,nan,13.0,"(1509.3076923076924, 804.8461538461538)",0.8115373433045069
1513,-11990.60629921261,nan,187.0,"(1513.3475935828876, 1613.4652406417113)",0.8819856270666868
1514,483.1653543307111,18.589760536559396,29.0,"(1511.3793103448277, 1991.4137931034484)",0.3724890158501514
1515,-14904.15564202334,nan,87.0,"(1516.0804597701149, 1254.1149425287356)",0.8637226888512672
1516,344297.632,11.457664910656774,607.0,"(1523.0461285008237, 1801.5518945634267)",0.3139567998436175
1517,11076.74297188755,15.188969804181172,67.0,"(1514.4776119402984, 2263.044776119403)",0.4592236009987803
1518,5587.411764705888,15.931973305244611,123.0,"(1516.1463414634147, 1690.1544715447155)",0.4514052441368561
1519,2774.1440000000002,16.69217749840355,75.0,"(1516.0, 1970.76)",0.7223229942989757
1520,11742.047244094487,15.125640441430495,142.0,"(1518.6338028169014, 52.640845070422536)",0.5128145067304403
1521,2377.5,16.85969868597637,60.0,"(1519.4333333333334, 714.8833333333333)",0.636398287535603
1522,850.9880952380918,17.97519128841535,40.0,"(1517.825, 548.175)",0.8254074563720696
1523,500.88636363636397,18.55065197896195,23.0,"(1518.0434782608695, 332.95652173913044)",0.5837474492852208
1524,2517.5984251968475,16.797533854384426,36.0,"(1519.138888888889, 2158.5)",0.7127280083817136
1525,3840.984375,16.338893648817784,86.0,"(1522.3139534883721, 1382.3255813953488)",0.4167017636276346
1526,384.95275590550955,18.836481417193262,17.0,"(1519.9411764705883, 942.1764705882352)",0.628875260534883
1527,-2940.25,nan,18.0,"(1521.2777777777778, 1132.0555555555557)",0.752321968770671
1528,7346.552941176458,15.63479096854187,217.0,"(1527.4009216589861, 1226.5806451612902)",0.6804459770903969
1529,-7294.496062992126,nan,8.0,"(1520.5, 2278.875)",0.9064839725997044
1530,15097.108527131786,14.852765557422268,215.0,"(1528.260465116279, 356.3860465116279)",0.6967391830262748
1531,5604.403162055343,15.928676576417985,91.0,"(1525.5494505494505, 433.14285714285717)",0.48586648956158385
1532,-3156.333333333334,nan,8.0,"(1524.0, 167.125)",0.7621169766072688
1533,-63562.89019607846,nan,169.0,"(1532.3905325443786, 273.46153846153845)",0.8567943587173503
1534,170.38461538461524,19.721424054369372,16.0,"(1525.5, 625.4375)",0.7985169178000058
1535,-3040.850980392155,nan,26.0,"(1526.8461538461538, 330.6923076923077)",0.7079122615491488
1536,385.28346456692816,18.835549073635665,19.0,"(1525.7894736842106, 1276.2105263157894)",0.6576671031519083
1537,-3216.90625,nan,11.0,"(1526.7272727272727, 1011.1818181818181)",0.8494819625726422
1538,-1336.1811023622067,nan,35.0,"(1530.2857142857142, 129.14285714285714)",0.6576318805839222
1539,-240696.68503936997,nan,429.0,"(1539.1328671328672, 1952.5874125874127)",0.8502652908795544
1540,3636.613545816741,16.398257119810765,78.0,"(1531.0128205128206, 2090.3076923076924)",0.6098160531017802
1541,-136.4803149606305,nan,24.0,"(1529.6666666666667, 2241.0)",0.3042903097250924
1542,86.30081300812981,20.459962782343453,8.0,"(1531.0, 307.5)",0.5773502691896258
1543,3078.657587548645,16.579096528072952,52.0,"(1534.8846153846155, 2164.903846153846)",0.5714185950674451
1544,22502.94861660077,14.41940142871967,236.0,"(1542.5805084745762, 1030.8813559322034)",0.5511307320772263
1545,1137.1930501930547,17.660414507768863,43.0,"(1538.093023255814, 1083.9767441860465)",0.6318651244524902
1546,-25350.944223107566,nan,60.0,"(1538.8, 2026.9166666666667)",0.699874417755251
1547,-15064.378486055779,nan,33.0,"(1539.939393939394, 2260.5454545454545)",0.8386975159169839
1548,895.1953125,17.920205501411267,44.0,"(1539.1818181818182, 531.7045454545455)",0.8492845466160389
1549,-3030.87159533074,nan,13.0,"(1538.7692307692307, 862.6923076923077)",0.5982584257187981
1550,-13480.840000000004,nan,25.0,"(1543.0, 557.24)",0.3822991002735844
1551,542.325581395351,18.46434977373152,29.0,"(1542.2758620689656, 801.5862068965517)",0.478898200700916
1552,10293.84251968503,15.268556200219226,119.0,"(1544.2773109243697, 1495.4789915966387)",0.5036183405148864
1553,20019.395256916992,14.546372614413318,106.0,"(1545.1132075471698, 2249.2830188679245)",0.6701272796567733
1554,-183592.27058823523,nan,406.0,"(1550.3990147783252, 663.5467980295566)",0.895501369205872
1555,1123.5577689243019,17.673511482388818,10.0,"(1544.1, 2290.8)",0.7885448418247595
1556,733.9055118110264,18.135899626574183,11.0,"(1544.4545454545455, 32.81818181818182)",0.7184910074136734
1557,358647.22400000005,11.413331315850446,699.0,"(1558.0872675250357, 871.3376251788269)",0.30765062345546984
1558,26436.4453125,14.244492353010543,199.0,"(1550.5075376884422, 1266.7738693467336)",0.31510990884567897
1559,-3181.9922480620153,nan,10.0,"(1546.7, 2029.7)",0.6853444168423419
1560,-6697.600790513836,nan,8.0,"(1546.875, 1130.375)",0.8921125176553566
1561,-336.84799999999814,nan,110.0,"(1553.0545454545454, 241.4090909090909)",0.641025495256203
1562,486.65217391304395,18.581953330642754,20.0,"(1550.6, 1218.15)",0.8098379338028171
1563,1961.6047430830076,17.068471242633642,63.0,"(1553.888888888889, 389.6984126984127)",0.7205739054784677
1564,457.3333333333321,18.649417858372328,17.0,"(1552.9411764705883, 1357.235294117647)",0.5833425840291879
1565,-2423.600000000006,nan,80.0,"(1558.25, 2273.775)",0.8490415937834758
1566,1105.0748031496041,17.691520808350887,49.0,"(1556.408163265306, 800.3469387755102)",0.5291340578391861
1567,114.90196078431472,20.149181400199605,21.0,"(1555.857142857143, 643.5238095238095)",0.6192117390237087
1568,19015.92913385824,14.602206124375499,234.0,"(1564.042735042735, 1003.8290598290598)",0.6627106877550548
1569,-26167.76000000001,nan,126.0,"(1561.2460317460318, 18.96031746031746)",0.8277742893481144
1570,-6691.42687747036,nan,26.0,"(1557.5384615384614, 2233.076923076923)",0.7489336667245899
1571,392.34883720930156,18.815819075391005,10.0,"(1557.3, 2032.3)",0.6550341356862232
1572,-19474.086614173226,nan,26.0,"(1559.6538461538462, 535.5769230769231)",0.9370622064007731
1573,-3135.476190476191,nan,18.0,"(1561.2777777777778, 624.0555555555555)",0.6699392141242495
1574,444.02400000000125,18.681483887856064,22.0,"(1562.0454545454545, 519.5909090909091)",0.7489698831196372
1575,387.09375,18.830459601813853,9.0,"(1562.3333333333333, 2179.6666666666665)",0.816496580927726
1576,-9466.535433070865,nan,45.0,"(1567.088888888889, 934.4666666666667)",0.812241932394473
1577,2728.358267716525,16.710246504873776,102.0,"(1568.1568627450981, 1197.4705882352941)",0.4975122093563273
1578,266.86956521739194,19.23425237980447,13.0,"(1565.4615384615386, 1996.076923076923)",0.827571920061059
1579,2324.604651162779,16.884127243943723,91.0,"(1570.2637362637363, 1064.7142857142858)",0.6554282816924331
1580,70282.52692307695,13.1828815809107,298.0,"(1575.9295302013422, 1867.9093959731545)",0.44048751425143096
1581,740.0,18.12692070067256,45.0,"(1570.9333333333334, 1941.5777777777778)",0.2829255247441354
1582,-5744.669291338578,nan,28.0,"(1571.2142857142858, 2287.8214285714284)",0.8491321840928586
1583,927.2578125,17.881998747219072,25.0,"(1572.32, 2109.72)",0.6437689126454933
1584,271.30739299611014,19.216345929402962,13.0,"(1573.7692307692307, 1585.6923076923076)",0.7292364104988729
1585,378.73122529644024,18.854172217691115,24.0,"(1575.875, 1113.375)",0.7162781527890032
1586,-4345.786561264817,nan,72.0,"(1576.861111111111, 1520.4583333333333)",0.8313958951070926
1587,6149.651162790717,15.827873796891474,137.0,"(1580.2992700729926, 1811.7299270072992)",0.766142577862031
1588,3315.6666666666642,16.498572841944842,44.0,"(1577.4318181818182, 2223.1136363636365)",0.5252091714813977
1589,3085.33203125,16.576745230146273,91.0,"(1579.7252747252746, 1358.6593406593406)",0.594726804082898
1590,6821.015384615399,15.715377427320774,159.0,"(1580.9182389937107, 1712.006289308176)",0.2823992999405402
1591,262.56640625,19.251902099972167,20.0,"(1577.8, 450.7)",0.38492688692864513
1592,1700.9692307692312,17.223258855927423,56.0,"(1579.5535714285713, 1773.517857142857)",0.6076500620087398
1593,163988.22924901196,12.26296830908291,895.0,"(1596.617877094972, 1193.0782122905027)",0.7896960600749422
1594,9643.225190839701,15.339444228435745,130.0,"(1583.0692307692307, 546.0230769230769)",0.6411878705528828
1595,-6732.911764705881,nan,9.0,"(1579.0, 1441.0)",0.7861513777574233
1596,682.4000000000015,18.214902454601333,22.0,"(1581.4545454545455, 100.0)",0.40038162974977587
1597,9128.774703557312,15.398968777740096,177.0,"(1585.7288135593221, 679.1468926553672)",0.5482535993197442
1598,-2396.9370078740176,nan,11.0,"(1582.5454545454545, 569.1818181818181)",0.8068830472891559
1599,646.8488372093016,18.272992995531048,24.0,"(1585.0, 1071.875)",0.5170212392173767
1600,10414.788990825691,15.255873811661775,79.0,"(1588.240506329114, 2297.481012658228)",0.573366354668403
1601,-4050.8588235294155,nan,91.0,"(1591.3186813186812, 2106.6483516483518)",0.7508835598199024
1602,5314.524904214559,15.9863388836844,79.0,"(1588.987341772152, 1333.0759493670887)",0.7246867730778408
1603,135.25984251968475,19.972077806376788,8.0,"(1587.625, 1387.375)",0.20412414523193195
1604,430.3149606299212,18.715533886675587,15.0,"(1588.5333333333333, 526.7333333333333)",0.7115748149348808
1605,-5624.5196850393695,nan,21.0,"(1589.5714285714287, 2020.1904761904761)",0.8211179795015098
1606,-3163.660231660231,nan,8.0,"(1589.625, 1628.25)",0.7747334179844639
1607,1179.2627450980362,17.620973553349415,47.0,"(1591.3191489361702, 1843.1702127659576)",0.4663016731345437
1608,114.65116279069753,20.151553840755895,8.0,"(1590.875, 2145.0)",0.4330127018922193
1609,-2337.9533073929924,nan,98.0,"(1598.265306122449, 582.4387755102041)",0.6805996467432969
1610,-292106.1149425288,nan,1204.0,"(1619.4808970099668, 552.5398671096345)",0.8663013673791614
1611,-6420.138339920948,nan,12.0,"(1596.8333333333333, 1076.75)",0.9272510233339305
1612,3108.7131474103517,16.568548375210682,70.0,"(1598.6571428571428, 1275.5142857142857)",0.4659618389801843
1613,-42061.87644787645,nan,38.0,"(1602.1052631578948, 199.07894736842104)",0.8951804924697965
1614,754.1764705882306,18.106317552979995,41.0,"(1603.6097560975609, 1434.2926829268292)",0.7099064029116222
1615,-6533.0,nan,10.0,"(1602.9, 643.5)",0.7776080623615119
1616,1412.2401574803152,17.425228608423474,49.0,"(1604.6734693877552, 1556.3673469387754)",0.5485332757246054
1617,2998.4782608695677,16.607747738683493,67.0,"(1606.0597014925372, 1743.641791044776)",0.6153010332415502
1618,325.140625,19.01982190945672,8.0,"(1606.5, 2119.25)",0.8897891991866603
1619,16939.0,14.727780579951446,305.0,"(1619.1475409836066, 665.5639344262295)",0.5789402482432382
1620,168.01976284584998,19.7365990815468,8.0,"(1608.625, 1636.125)",0.8565348226437695
1621,-2244.3700787401613,nan,40.0,"(1611.525, 2106.825)",0.5328663389838875
1622,525.9090909090919,18.497723304676143,22.0,"(1610.8181818181818, 271.09090909090907)",0.6071397131524265
1623,-21384.968253968254,nan,24.0,"(1613.25, 2280.125)",0.8781625475769193
1624,5747.685039370059,15.901267595695309,105.0,"(1617.152380952381, 400.54285714285714)",0.7126667806969159
1625,869.0555555555547,17.95238114949971,44.0,"(1614.090909090909, 823.5681818181819)",0.5497076332446804
1626,-16814.44186046512,nan,8.0,"(1613.125, 1991.0)",0.9491540250293156
1627,887.8031496063013,17.9292082964682,14.0,"(1614.5, 70.28571428571429)",0.8436831597707168
1628,5338.166666666657,15.981519677306233,131.0,"(1620.648854961832, 1605.8702290076335)",0.6111844154011586
1629,320.0639999999985,19.03690792867112,17.0,"(1616.4117647058824, 1724.0588235294117)",0.7046823235736166
1630,-13710.198529411762,nan,35.0,"(1621.2, 2307.9714285714285)",0.9614420485701859
1631,543.6959999999999,18.46160965528457,13.0,"(1621.6923076923076, 350.0)",0.641137540368701
1632,-56602.27586206896,nan,91.0,"(1626.065934065934, 1047.989010989011)",0.789933747647
1633,-9768.862745098042,nan,18.0,"(1623.4444444444443, 612.7777777777778)",0.8713501985150491
1634,-104066.56521739135,nan,186.0,"(1632.0376344086021, 932.1989247311828)",0.8628159447561532
1635,279.75,19.18307476199903,15.0,"(1624.6666666666667, 1950.0666666666666)",0.7724290657180182
1636,61721.5703125,13.32390758300561,270.0,"(1633.762962962963, 1750.525925925926)",0.346913600988835
1637,-3052.984375,nan,24.0,"(1628.5, 438.8333333333333)",0.6784652609493358
1638,-10174.918604651164,nan,22.0,"(1628.8636363636363, 1424.0454545454545)",0.5557640484960985
1639,-10087.8828125,nan,8.0,"(1627.75, 385.5)",0.8838834764831844
1640,210.4375,19.492192165669593,11.0,"(1629.2727272727273, 431.3636363636364)",0.671608931414175
1641,-3173.9523809523816,nan,15.0,"(1629.4666666666667, 960.0666666666667)",0.5510063242378946
1642,1900.4901185770723,17.102835960322686,63.0,"(1635.3968253968253, 1213.920634920635)",0.4759095955338729
1643,-4870.765625,nan,37.0,"(1633.7567567567567, 2132.4864864864867)",0.8592979677225338
1644,13365.366533864522,14.98504781646389,228.0,"(1641.2412280701753, 1666.0350877192982)",0.7051322954305407
1645,174.609375,19.694831105449783,11.0,"(1634.3636363636363, 410.8181818181818)",0.6589916283471339
1646,-5039.732283464567,nan,26.0,"(1637.5, 2263.6923076923076)",0.7436670916618557
1647,1057.1968503937023,17.73961034847689,34.0,"(1637.1470588235295, 889.4705882352941)",0.7690500698885411
1648,444.71653543307184,18.67979180582543,26.0,"(1637.5, 1769.2692307692307)",0.5868302520140151
1649,412.19512195121933,18.762242880265156,14.0,"(1638.0, 682.5)",0.6793153751280454
1650,1116.3227091633453,17.680525600975074,47.0,"(1641.1489361702127, 599.7446808510638)",0.48027092925275866
1651,646.4016064257012,18.273743932328145,33.0,"(1640.4545454545455, 1347.030303030303)",0.3678873098748505
1652,32439.58984375,14.022311613781845,317.0,"(1646.8517350157729, 1428.9305993690853)",0.3302872035218268
1653,209.84615384615245,19.495247465805996,14.0,"(1639.0, 2027.0714285714287)",0.6380651305429843
1654,2341.118110236217,16.87644168860134,77.0,"(1643.155844155844, 221.57142857142858)",0.741654404881983
1655,2074.852140077819,17.007532117302986,59.0,"(1643.6271186440679, 1037.7966101694915)",0.5813251548711159
1656,275.5135135135133,19.199642737035767,26.0,"(1642.3846153846155, 1162.2307692307693)",0.5074896929487663
1657,1314.8844621514,17.502781016518373,59.0,"(1643.6949152542372, 1220.0169491525423)",0.6690574594967393
1658,2712.818897637786,16.71644799475361,63.0,"(1643.7142857142858, 1885.1746031746031)",0.6528746062379186
1659,-32758.37354085603,nan,49.0,"(1644.734693877551, 359.44897959183675)",0.8915800282468641
1660,1043.7795275590543,17.753478063861692,41.0,"(1646.5121951219512, 1362.121951219512)",0.7206558792281071
1661,979.6456692913343,17.822327442650206,36.0,"(1647.5833333333333, 432.80555555555554)",0.715365263792426
1662,-3119.6968503936987,nan,19.0,"(1647.1052631578948, 772.6315789473684)",0.6833236374374688
1663,12005.169291338592,15.101579278360202,274.0,"(1656.7919708029196, 296.7919708029197)",0.5824639210579249
1664,3885.4140625,16.32640673078268,98.0,"(1653.1836734693877, 1653.3061224489795)",0.6395504023286701
1665,10160.601593625499,15.282701443452815,140.0,"(1653.75, 691.8428571428572)",0.5811447141977077
1666,-11830.419354838708,nan,13.0,"(1651.0, 2220.4615384615386)",0.8970488498847541
1667,-6439.78125,nan,30.0,"(1653.5, 806.4)",0.7215072722411096
1668,-2169.6535433070894,nan,29.0,"(1655.4137931034484, 79.89655172413794)",0.786271208241764
1669,-10123.940711462452,nan,14.0,"(1655.642857142857, 370.14285714285717)",0.6546536707079772
1670,320.95238095238165,19.033898495496498,16.0,"(1655.25, 484.875)",0.6690943950314108
1671,8817.653386454185,15.436617442190236,170.0,"(1661.229411764706, 1512.9176470588236)",0.5124999755709969
1672,1456.2392156862752,17.391918194564525,19.0,"(1657.3684210526317, 2292.4210526315787)",0.4871229198586158
1673,911.351999999999,17.90078462252002,43.0,"(1661.5581395348838, 920.0)",0.4937234470146139
1674,-3492.0476190476184,nan,9.0,"(1660.4444444444443, 1422.888888888889)",0.891411314869002
1675,384.3503937007881,18.838181674336454,9.0,"(1662.111111111111, 21.333333333333332)",0.5342048197273573
1676,-2749.53515625,nan,27.0,"(1663.3333333333333, 138.2962962962963)",0.7491070078735839
1677,137624.6031128405,12.453259801134074,423.0,"(1673.2695035460993, 976.4326241134752)",0.6609660856945131
1678,233.798418972332,19.377896075043164,16.0,"(1662.875, 1533.625)",0.5463763259385724
1679,369.798418972332,18.880087374863827,17.0,"(1663.764705882353, 2085.176470588235)",0.554806428383821
1680,505.71713147410264,18.54023083532417,22.0,"(1665.2272727272727, 253.0909090909091)",0.6968263757347185
1681,-9352.21370967742,nan,10.0,"(1666.3, 1194.0)",0.7839084684908768
1682,742.7131474103589,18.12294722048153,29.0,"(1667.7931034482758, 1911.9310344827586)",0.6494688532784388
1683,-3339.083333333332,nan,8.0,"(1666.875, 892.75)",0.7582696266648254
1684,-9916.166666666668,nan,8.0,"(1667.875, 2169.25)",0.9425364232302825
1685,-3181.302788844623,nan,17.0,"(1670.8823529411766, 1140.764705882353)",0.500849059077789
1686,-1528.077253218884,nan,8.0,"(1669.875, 2296.375)",0.848207765133952
1687,8730.824427480911,15.44736186284358,136.0,"(1675.5367647058824, 1956.5)",0.4399641870738644
1688,110.55905511811034,20.191014204020757,14.0,"(1671.7857142857142, 503.7857142857143)",0.18569533817705175
1689,835.1195219123474,17.99562841011639,31.0,"(1679.483870967742, 348.0967741935484)",0.7470151292712579
1690,4792.381322957197,16.098621582626045,98.0,"(1683.234693877551, 619.265306122449)",0.5981152568332408
1691,639.2460317460354,18.28582989816861,33.0,"(1682.121212121212, 837.2424242424242)",0.5482625727042264
1692,7517.01176470588,15.609886925122144,112.0,"(1685.3125, 2088.464285714286)",0.6354379621633991
1693,2843.3125,16.66543851418649,80.0,"(1684.725, 456.8125)",0.49752729600365747
1694,1149.2015810276644,17.649009462984775,48.0,"(1684.125, 704.4583333333334)",0.6025885255720224
1695,25255.79133858264,14.294097548022068,246.0,"(1692.8536585365853, 2218.5528455284552)",0.7891653739764524
1696,743.1843137254909,18.12225866375763,43.0,"(1687.3953488372092, 925.9069767441861)",0.49776954707430243
1697,167.09163346613605,19.74261323837928,13.0,"(1685.076923076923, 1057.7692307692307)",0.6356016145583508
1698,292.6812749003984,19.134012654690757,21.0,"(1687.1904761904761, 1477.142857142857)",0.6723730639658853
1699,981.2362204724413,17.820566072533417,34.0,"(1687.764705882353, 1741.235294117647)",0.6189420857753865
1700,808.4883720930229,18.03081555464488,32.0,"(1689.78125, 267.375)",0.6602644793573598
1701,-3016.596837944664,nan,12.0,"(1688.0833333333333, 739.5833333333334)",0.907666259747015
1702,1601.4862745098071,17.28869194773018,36.0,"(1695.388888888889, 21.666666666666668)",0.7230242737485839
1703,-67763.56299212598,nan,33.0,"(1697.8181818181818, 790.8484848484849)",0.952824472749061
1704,-1697.8976377952786,nan,46.0,"(1699.3260869565217, 1989.3695652173913)",0.8107167411255165
1705,-6636.0,nan,15.0,"(1698.6666666666667, 474.1333333333333)",0.7470361176728937
1706,481.39299610894886,18.593750581648955,15.0,"(1698.3333333333333, 722.8)",0.38502393108702937
1707,-3211.5555555555547,nan,18.0,"(1697.6666666666667, 1390.9444444444443)",0.5693378226206411
1708,314.375,19.056379993999993,16.0,"(1698.5, 1881.8125)",0.5682472806406496
1709,1185.2142857142899,17.615507806223523,48.0,"(1701.0208333333333, 742.7708333333334)",0.7087377768721671
1710,427.40625,18.722897828495704,20.0,"(1700.15, 1637.1)",0.7349305941673066
1711,-3308.523809523809,nan,9.0,"(1701.5555555555557, 343.1111111111111)",0.5434704752938868
1712,3406.365758754866,16.46927180367537,67.0,"(1709.402985074627, 114.28358208955224)",0.6870934688922499
1713,165.4247104247097,19.753499042286116,8.0,"(1704.625, 205.75)",0.747102836415358
1714,-2833.7764705882364,nan,10.0,"(1704.9, 1981.4)",0.8388606660462288
1715,-6431.21176470588,nan,18.0,"(1707.6666666666667, 848.1666666666666)",0.8187751009808533
1716,-3140.8031496062977,nan,17.0,"(1708.4705882352941, 1529.8823529411766)",0.8435925707491562
1717,463.82945736433976,18.634104182989503,24.0,"(1709.7083333333333, 1619.7916666666667)",0.5558834420728855
1718,484.5599999999977,18.58663109836189,26.0,"(1709.923076923077, 1100.2692307692307)",0.7280604157685754
1719,-3183.441860465118,nan,15.0,"(1709.7333333333333, 1862.6)",0.630330528406856
1720,344.00790513834,18.95857894358198,17.0,"(1709.1764705882354, 2021.764705882353)",0.8090775401024511
1721,28394.0,14.166933555004524,256.0,"(1718.73046875, 981.69140625)",0.4403034077679279
1722,6823.68627450979,15.714952371212295,136.0,"(1715.6176470588234, 445.31617647058823)",0.8091033630580199
1723,2203.52734375,16.942203889812703,76.0,"(1716.1447368421052, 1467.0657894736842)",0.4812738136501209
1724,1455.9561752988084,17.392129243038813,46.0,"(1717.195652173913, 1845.8478260869565)",0.5659124719444579
1725,-2196.703125,nan,8.0,"(1714.75, 2280.75)",0.8519332209108986
1726,328.234375,19.009539846361946,9.0,"(1716.6666666666667, 635.3333333333334)",0.6324555320336759
1727,-2587.8719999999994,nan,14.0,"(1716.5, 761.9285714285714)",0.8204935258397139
1728,11061.69921875,15.190445386772785,137.0,"(1723.4671532846714, 1523.7591240875913)",0.4643683906056426
1729,-6763.159533073929,nan,9.0,"(1719.2222222222222, 721.3333333333334)",0.7238767866301342
1730,571.65625,18.407162609855405,25.0,"(1719.6, 1352.48)",0.7402827526189558
1731,4906.094488188974,16.073160229549565,59.0,"(1722.5084745762713, 2186.813559322034)",0.7305095302547877
1732,3100.28571428571,16.571495702172484,73.0,"(1723.027397260274, 156.36986301369862)",0.7190757162684133
1733,-4416.884462151396,nan,17.0,"(1722.235294117647, 2237.8823529411766)",0.8191517881704092
1734,3524.5984251968475,16.43222589289133,81.0,"(1725.5802469135801, 1789.6296296296296)",0.7735540411295527
1735,2227.1541501976244,16.9306243066927,43.0,"(1725.3255813953488, 233.48837209302326)",0.5615669820241188
1736,1392.308300395256,17.440661469401146,61.0,"(1726.360655737705, 847.1311475409836)",0.3623784657100133
1737,14380.011673151748,14.905601903522735,157.0,"(1728.5987261146497, 1406.4904458598726)",0.49085679860136333
1738,-3322.609375,nan,10.0,"(1724.5, 276.4)",0.515805240252132
1739,-6006.346456692911,nan,19.0,"(1725.6842105263158, 711.6315789473684)",0.6713041436328607
1740,2167.086614173226,16.960309326100827,64.0,"(1727.28125, 1194.84375)",0.2939005653893118
1741,4728.1992031872505,16.113260586333002,97.0,"(1731.0103092783504, 547.2164948453608)",0.6908664378029834
1742,-3308.3794466403124,nan,17.0,"(1731.3529411764705, 2275.470588235294)",0.7597644086290858
1743,-2721.496062992126,nan,23.0,"(1733.7391304347825, 452.4782608695652)",0.7669572237482345
1744,1396.2270916334674,17.437609848583037,13.0,"(1736.923076923077, 32.23076923076923)",0.849643155168251
1745,4753.745098039215,16.1074102735384,18.0,"(1736.7777777777778, 1289.5555555555557)",0.33227174344627175
1746,1519.0546875,17.346066477041596,47.0,"(1738.2340425531916, 1834.531914893617)",0.446089824695203
1747,-3312.806324110672,nan,12.0,"(1736.4166666666667, 2025.5833333333333)",0.6835317851702319
1748,119.84523809523853,20.103448043626233,8.0,"(1736.875, 1152.25)",0.8843384945005575
1749,-10131.277777777777,nan,8.0,"(1737.625, 149.0)",0.899999315564985
1750,-5860.054263565893,nan,26.0,"(1742.6153846153845, 124.73076923076923)",0.7335509284598974
1751,5567.3992395437235,15.935869085535503,106.0,"(1744.4716981132076, 503.47169811320754)",0.37416381505775614
1752,-25773.1328125,nan,18.0,"(1742.611111111111, 2208.6111111111113)",0.9290739348944241
1753,4974.060240963852,16.05822239820815,114.0,"(1749.0526315789473, 1703.7368421052631)",0.6837668465628153
1754,1028.4800000000032,17.76951037313192,34.0,"(1746.3235294117646, 1155.0294117647059)",0.4639828046173929
1755,-3103.695652173912,nan,21.0,"(1745.3809523809523, 773.1428571428571)",0.790533276252703
1756,3221.6733067729074,16.529796253103044,67.0,"(1747.9253731343283, 1873.6716417910447)",0.5125487351534757
1757,449.71875,18.667647512835867,23.0,"(1747.6521739130435, 1971.3478260869565)",0.6081331918645179
1758,269.8640000000014,19.222137616731473,14.0,"(1750.2857142857142, 1439.9285714285713)",0.735151824957909
1759,2099.411764705881,16.994755933556533,66.0,"(1754.6060606060605, 381.1666666666667)",0.3356509546272482
1760,745.2784313725497,18.119203618068298,10.0,"(1752.4, 2234.4)",0.8190886988658326
1761,1877.3692307692254,17.116125760753874,51.0,"(1756.9411764705883, 202.09803921568627)",0.7272539391844329
1762,-6659.442687747036,nan,8.0,"(1755.375, 1533.875)",0.8985225656892591
1763,5860.206225680944,15.880217751294643,187.0,"(1761.5935828877004, 491.7860962566845)",0.4000484682344376
1764,1721.1920000000027,17.210426702900513,56.0,"(1758.732142857143, 765.0714285714286)",0.5787765442945692
1765,-1929.777777777781,nan,77.0,"(1761.3376623376623, 1208.974025974026)",0.7705788843093997
1766,322.2403100775191,19.029550333060026,33.0,"(1760.1515151515152, 601.969696969697)",0.3459508956038016
1767,3109.3255813953583,16.568334500134732,81.0,"(1761.7037037037037, 1090.716049382716)",0.4823847412362276
1768,133.9763779527566,19.98242941881032,8.0,"(1759.375, 303.5)",0.6353272369503311
1769,3399.7019607843104,16.471397885673937,15.0,"(1761.7333333333333, 1322.2)",0.7543536104786027
1770,1431.2265625,17.410729030458672,72.0,"(1763.5972222222222, 1490.5416666666667)",0.3828253755539119
1771,1222.5252918287952,17.58185536836758,44.0,"(1764.2954545454545, 148.6818181818182)",0.6248370149976581
1772,2753.763779527566,16.70018329168618,83.0,"(1764.6144578313254, 907.3975903614457)",0.8142577878464347
1773,32526.40392156865,14.019409872793599,288.0,"(1771.1770833333333, 1788.607638888889)",0.7303826902410765
1774,789.870078740154,18.05611084369294,37.0,"(1763.7837837837837, 1982.7567567567567)",0.4363593620082917
1775,11932.881889763783,15.108136644873776,128.0,"(1767.15625, 132.2734375)",0.47705439641415637
1776,273.65217391304395,19.207002743600977,8.0,"(1762.375, 590.125)",0.85146931829632
1777,-10059.571428571428,nan,16.0,"(1763.125, 707.25)",0.7865242513241569
1778,-2724.5348837209312,nan,25.0,"(1763.6, 1235.24)",0.7407934980714416
1779,1203.8671875,17.598553556195114,45.0,"(1766.2222222222222, 736.7333333333333)",0.7126203894277823
1780,-2955.30739299611,nan,24.0,"(1765.2083333333333, 334.625)",0.7782190855957426
1781,1204.3488372093052,17.598119255842477,46.0,"(1766.7173913043478, 345.2173913043478)",0.48828787434685106
1782,-9650.346456692914,nan,11.0,"(1767.1818181818182, 2206.181818181818)",0.8243776903320893
1783,-3123.5,nan,22.0,"(1770.5, 1082.1818181818182)",0.4948640099453424
1784,1525.2261904761835,17.3416643645777,53.0,"(1772.9433962264152, 687.622641509434)",0.6971676969754175
1785,20381.921259842522,14.52688720131214,184.0,"(1777.6467391304348, 418.5978260869565)",0.5144463872997106
1786,384.0,18.839171939081172,22.0,"(1774.5, 2012.6363636363637)",0.7520321933826922
1787,1060.8503937007881,17.73586464526882,26.0,"(1776.6153846153845, 1271.6153846153845)",0.6250292025553016
1788,97.84920634920672,20.323606731339886,10.0,"(1775.8, 1872.0)",0.6123724356957946
1789,6424.25,15.780443917024298,95.0,"(1781.7263157894736, 173.54736842105262)",0.5907241692429711
1790,8000.117647058825,15.542259065928649,152.0,"(1783.546052631579, 209.73684210526315)",0.6928162560818705
1791,1367.9884169884172,17.459793949630605,58.0,"(1781.1379310344828, 1224.0172413793102)",0.34596514812512713
1792,-3094.0833333333358,nan,14.0,"(1780.0714285714287, 852.4285714285714)",0.7700037826349065
1793,9322.842519685044,15.376129129416098,161.0,"(1786.863354037267, 1387.2981366459628)",0.5907843184823877
1794,1025.7237354085592,17.77242398681213,55.0,"(1783.5636363636363, 722.7272727272727)",0.47165325979904466
1795,72091.83529411769,13.155284795465533,1484.0,"(1802.6664420485174, 943.6367924528302)",0.6406672229969781
1796,9590.935483870966,15.345347576007464,19.0,"(1782.4736842105262, 1320.0)",0.8134536933928403
1797,-1908.4780876494042,nan,47.0,"(1785.2340425531916, 520.936170212766)",0.4558914212117275
1798,628.4117647058811,18.3043892324609,26.0,"(1785.3076923076924, 122.38461538461539)",0.5244398485934527
1799,487.1328125,18.580881540124476,12.0,"(1784.25, 691.25)",0.8275538737200867
1800,-2577.1699604743044,nan,32.0,"(1786.375, 612.125)",0.5663988208220405
1801,236.92125984252016,19.36348991659724,11.0,"(1785.5454545454545, 1973.3636363636363)",0.8534914310713091
1802,-403358.4143426295,nan,399.0,"(1799.9724310776942, 2042.3082706766918)",0.9308944593716644
1803,1734728.5252918287,9.701921200154782,1542.0,"(1807.2003891050583, 547.5998702983139)",0.47311262132834814
1804,3652.0,16.393673077844348,125.0,"(1793.176, 1186.176)",0.713560055913027
1805,311.8333333333321,19.06519365720909,19.0,"(1789.2631578947369, 1592.8947368421052)",0.6116394650943165
1806,-102046.75196850393,nan,133.0,"(1793.842105263158, 2271.4436090225563)",0.8764846615640819
1807,148.33725490196048,19.871874405530495,13.0,"(1789.3076923076924, 1238.6153846153845)",0.3598452736983562
1808,4885.976377952757,16.077621592561986,112.0,"(1794.4732142857142, 2250.651785714286)",0.6371509880620541
1809,-6658.674418604653,nan,9.0,"(1789.888888888889, 1607.0)",0.8307002631834524
1810,890.9842519685044,17.92532492998531,39.0,"(1791.5641025641025, 2024.820512820513)",0.44895336967198485
1811,196.09302325581484,19.56884464427778,14.0,"(1792.2857142857142, 1345.2857142857142)",0.44550340340198086
1812,4991.953488372092,16.054323674418573,78.0,"(1794.5, 1776.576923076923)",0.6005711276475486
1813,459.03162055335997,18.645393492263388,8.0,"(1790.875, 2167.375)",0.8565348226437695
1814,5719.250950570335,15.906652117412467,114.0,"(1795.9561403508771, 2220.9736842105262)",0.5648358323663235
1815,-3139.5447470817126,nan,11.0,"(1793.4545454545455, 180.27272727272728)",0.8534910214925151
1816,226.9224806201546,19.41030619389653,12.0,"(1795.5, 2001.5833333333333)",0.8472693287794784
1817,6546.134615384624,15.760037670149627,133.0,"(1801.0751879699249, 642.0977443609023)",0.6361479888200333
1818,572.0980392156853,18.406323851785217,27.0,"(1798.4814814814815, 498.14814814814815)",0.6900182526778957
1819,4479.015748031496,16.172043526478618,120.0,"(1802.6583333333333, 1909.1083333333333)",0.4343451863442883
1820,-14401.426356589145,nan,32.0,"(1805.28125, 83.71875)",0.7599052693401872
1821,1721.1050583657634,17.210481547487376,51.0,"(1805.235294117647, 287.6666666666667)",0.7056268039831244
1822,7524.779527559047,15.608765550420753,138.0,"(1809.8695652173913, 1891.4130434782608)",0.3899342436142097
1823,772.1411764705845,18.08075821756506,39.0,"(1807.3076923076924, 1017.1538461538462)",0.4742136653984863
1824,315.06274509803916,19.05400736841294,17.0,"(1808.5882352941176, 746.7058823529412)",0.7544844681904141
1825,206.81102362204547,19.511065789542084,12.0,"(1809.0, 1241.3333333333333)",0.740916141961559
1826,513.8117647058825,18.522989889876637,27.0,"(1809.4444444444443, 1579.7777777777778)",0.607105599850172
1827,384.0833333333321,18.838936344807767,15.0,"(1809.0666666666666, 1736.5333333333333)",0.7619939493541263
1828,-4907.953307392996,nan,14.0,"(1809.2857142857142, 2270.785714285714)",0.7597957485585358
1829,-3219.875,nan,19.0,"(1813.7368421052631, 1156.7894736842106)",0.495962512627942
1830,491.1789883268466,18.571900549337844,27.0,"(1813.4074074074074, 1337.4814814814815)",0.5620766881025449
1831,247.65882352941117,19.315365486164538,9.0,"(1812.7777777777778, 1939.5555555555557)",0.8717706645859532
1832,121920.0,12.584812615011188,601.0,"(1825.7154742096507, 1776.8668885191348)",0.769310381452477
1833,-1053.1769230769278,nan,35.0,"(1817.942857142857, 85.91428571428571)",0.8553118006599044
1834,-2494.5,nan,20.0,"(1816.1, 2123.1)",0.226147135137961
1835,-3105.3953488372063,nan,12.0,"(1817.5, 1189.5833333333333)",0.8334652291661311
1836,-9317.629343629342,nan,22.0,"(1819.3636363636363, 17.227272727272727)",0.7735612238101638
1837,1456.2755905511804,17.391891074697057,51.0,"(1820.8039215686274, 1734.4313725490197)",0.6208295426629973
1838,593.6679536679512,18.36614098439196,35.0,"(1820.4857142857143, 1131.5714285714287)",0.686373974531457
1839,-2731.7725490196026,nan,29.0,"(1822.6206896551723, 290.6551724137931)",0.811483461476298
1840,-42758.54545454541,nan,352.0,"(1832.059659090909, 1699.3607954545455)",0.656526035053579
1841,1805.098814229248,17.158747547692393,66.0,"(1825.3636363636363, 1914.4848484848485)",0.24858720416691432
1842,496.8809523809541,18.559369128353513,36.0,"(1825.0833333333333, 1343.3055555555557)",0.5030093091604476
1843,42290.118110236246,13.73440275482297,306.0,"(1834.3823529411766, 2122.37908496732)",0.7160228226629682
1844,2762.161417322837,16.696877363448323,42.0,"(1825.8095238095239, 2201.9523809523807)",0.695243981457885
1845,849.3937007873974,17.97722741029241,39.0,"(1825.5128205128206, 1502.2820512820513)",0.5596526574038888
1846,-133081.89922480623,nan,230.0,"(1835.3869565217392, 243.21304347826086)",0.868781581716835
1847,6769.963709677424,15.723534148349579,115.0,"(1830.4782608695652, 1930.0086956521739)",0.543816536149973
1848,7340.168674698798,15.635734900056814,163.0,"(1833.6993865030674, 13.214723926380367)",0.4790650667875807
1849,1442.934362934364,17.401883559764098,42.0,"(1829.095238095238, 301.9761904761905)",0.5917176966831899
1850,1207.208661417324,17.595544143170102,38.0,"(1828.342105263158, 494.60526315789474)",0.5862660525323292
1851,-6705.4422310757,nan,9.0,"(1827.888888888889, 726.7777777777778)",0.79205630322157
1852,24464.700787401554,14.328650228645767,227.0,"(1834.8590308370044, 469.4669603524229)",0.43386086788983896
1853,577.5059288537523,18.396108882030017,26.0,"(1829.923076923077, 1965.6153846153845)",0.6992784608784568
1854,5270.511627906977,15.995368060454549,45.0,"(1831.3111111111111, 2286.7555555555555)",0.45977768894241205
1855,217.15873015872967,19.458056766392765,9.0,"(1829.888888888889, 1182.5555555555557)",0.8606629658238704
1856,1082.1328125,17.71429858514351,43.0,"(1835.6976744186047, 1016.3255813953489)",0.3274242516307611
1857,10558.36,15.241008835723033,20.0,"(1834.0, 1318.55)",0.7127519293967428
1858,-3168.0787401574817,nan,18.0,"(1834.4444444444443, 1858.1666666666667)",0.6938571674332776
1859,-3158.517786561264,nan,14.0,"(1834.857142857143, 1249.4285714285713)",0.5831001687035279
1860,7590.823529411762,15.599277762212047,75.0,"(1841.32, 2238.64)",0.6654957419533326
1861,39505.984251968504,13.808342784303516,268.0,"(1851.2238805970148, 1845.7985074626865)",0.30716255284930566
1862,-1752.734375,nan,26.0,"(1845.6923076923076, 568.8076923076923)",0.7496436317515509
1863,930.5486381322917,17.878152305337828,36.0,"(1847.2222222222222, 753.3888888888889)",0.6928584208942612
1864,267.55905511811034,19.231450866057326,17.0,"(1846.5882352941176, 1661.3529411764705)",0.6097476353792809
1865,1559.2119999999995,17.3177370786561,37.0,"(1848.054054054054, 2189.2702702702704)",0.4997711472738997
1866,1033.5338645418306,17.76418822201674,46.0,"(1849.195652173913, 859.0869565217391)",0.6976935602526209
1867,-3278.75,nan,11.0,"(1849.0, 1169.909090909091)",0.8121793971056159
1868,179.4901185770741,19.664898638822457,8.0,"(1849.875, 1925.375)",0.6110054622305507
1869,1301.2758620689638,17.514076565140158,42.0,"(1851.5238095238096, 1989.547619047619)",0.5929479986342456
1870,-3242.2479999999996,nan,9.0,"(1850.2222222222222, 1656.0)",0.5522241115788419
1871,1241.1526104417644,17.565437037393682,30.0,"(1854.3, 2272.9666666666667)",0.7486255019986499
1872,1609.6196078431385,17.28319186540763,32.0,"(1854.8125, 217.28125)",0.5164979480046178
1873,-43621.96899224806,nan,99.0,"(1860.1919191919192, 1910.6565656565656)",0.9177512537856237
1874,160.06772908366474,19.789240541119472,12.0,"(1854.3333333333333, 1632.0833333333333)",0.590458860352351
1875,25593.40392156862,14.279679872812077,148.0,"(1860.1554054054054, 2231.891891891892)",0.6855983262203115
1876,11343.346303501952,15.1631470226103,130.0,"(1860.8692307692309, 820.0846153846154)",0.5306817173920007
1877,539.3201581027679,18.47038336709349,29.0,"(1860.8620689655172, 783.551724137931)",0.6602682102099056
1878,128.36220472440982,20.028907080386055,10.0,"(1859.9, 1966.7)",0.41625220270706703
1879,917.5859375,17.89338312713312,36.0,"(1861.3333333333333, 1617.138888888889)",0.6235846565536989
1880,1831.3215686274489,17.14308847401034,51.0,"(1863.450980392157, 2173.627450980392)",0.5467372635477469
1881,-3286.940944881888,nan,11.0,"(1862.1818181818182, 1191.0)",0.6363431802666092
1882,-6689.79527559055,nan,10.0,"(1860.8, 1202.5)",0.8475181801480608
1883,251.61417322834313,19.29816224767847,12.0,"(1861.1666666666667, 1692.4166666666667)",0.8893477181356131
1884,1405.6653386454127,17.43029516002541,48.0,"(1864.2291666666667, 1808.9166666666667)",0.7730381398869657
1885,35326.860000000015,13.929737406927774,209.0,"(1870.0047846889952, 2286.598086124402)",0.4665450579041492
1886,2270.8503937007918,16.909528691674808,95.0,"(1868.6526315789474, 405.57894736842104)",0.7593588903439306
1887,1841.9803149606305,17.13678753842835,74.0,"(1865.554054054054, 1022.8513513513514)",0.5778571952136173
1888,16797.111999999997,14.736913454953383,42.0,"(1865.047619047619, 1320.547619047619)",0.5777411958057819
1889,412.2235294117636,18.762168056610065,22.0,"(1864.4545454545455, 1372.7727272727273)",0.70426726742629
1890,691.6175298804774,18.200335018852876,22.0,"(1865.2727272727273, 911.8636363636364)",0.7023104293199907
1891,-3258.463320463321,nan,16.0,"(1866.375, 1196.75)",0.400412823736505
1892,13867.117647058825,14.94503449981567,104.0,"(1870.2115384615386, 2258.4615384615386)",0.8294509555062272
1893,95369.10756972112,12.851480703300641,455.0,"(1879.1384615384616, 1530.265934065934)",0.2687419678761064
1894,66082.5157480315,13.249783579674293,335.0,"(1878.5731343283583, 2217.35223880597)",0.7892836178288765
1895,15407.92857142858,14.830639358828046,253.0,"(1879.407114624506, 215.08300395256916)",0.4815434771508169
1896,499.1031746031731,18.55452416936267,32.0,"(1872.65625, 2053.03125)",0.33903039006395674
1897,5226.55731225296,16.004460707373553,45.0,"(1877.1333333333334, 2242.711111111111)",0.6928117455825189
1898,181.578125,19.65234118199356,11.0,"(1875.1818181818182, 1430.6363636363637)",0.6602252917735247
1899,7829.511811023622,15.565663291020002,119.0,"(1881.5042016806722, 1118.857142857143)",0.49153711819674917
1900,3787.196850393695,16.354205301485045,81.0,"(1881.2716049382716, 1218.4938271604938)",0.41282507279353425
1901,-3019.9055118110227,nan,8.0,"(1878.375, 2191.375)",0.82915619758885
1902,1198.672000000006,17.603249098295052,45.0,"(1881.5111111111112, 866.9333333333333)",0.7416453049860162
1903,927.203125,17.88206278329286,32.0,"(1881.375, 2079.71875)",0.3855957124914096
1904,864.1737451737499,17.958497330769482,36.0,"(1882.3055555555557, 1609.7777777777778)",0.48233874888820244
1905,4157.227450980392,16.252990534113714,9.0,"(1882.2222222222222, 1321.4444444444443)",0.7131057939879547
1906,254.91732283464444,19.284001627922827,20.0,"(1883.35, 1481.1)",0.7230349397187251
1907,1208.5238095238092,17.594361972485167,44.0,"(1884.6363636363637, 1836.9772727272727)",0.3215222010370257
1908,320.6395348837177,19.03495732532836,23.0,"(1884.1304347826087, 565.9565217391304)",0.7354790969319052
1909,-3042.5465116279083,nan,8.0,"(1884.125, 246.125)",0.694269456193043
1910,102.71428571428623,20.27092287407843,9.0,"(1884.5555555555557, 703.1111111111111)",0.5665577237325317
1911,-14135.313725490196,nan,16.0,"(1886.0, 2304.5625)",0.9047291109829534
1912,122.28358208955251,20.081579619603573,8.0,"(1885.5, 1446.5)",0.9397004204662812
1913,1589.59765625,17.296781965586135,24.0,"(1887.75, 2202.4583333333335)",0.5492007286597905
1914,-6540.222222222223,nan,10.0,"(1888.5, 178.1)",0.9122155349853186
1915,-3281.6317829457366,nan,9.0,"(1887.888888888889, 1058.0)",0.6988124100414982
1916,2453.0434782608645,16.825736885495616,64.0,"(1892.390625, 80.140625)",0.7696828178732893
1917,1766.5862068965507,17.18216291189612,62.0,"(1893.0483870967741, 877.9354838709677)",0.32540789679597404
1918,197.06896551724094,19.563454407919142,15.0,"(1889.5333333333333, 1765.5333333333333)",0.3359616554902866
1919,8482.047619047618,15.478748234244074,15.0,"(1890.2, 1294.1333333333334)",0.7361166193605281
1920,-9767.584000000003,nan,11.0,"(1892.909090909091, 789.7272727272727)",0.7402525514415719
1921,1777.0930232558094,17.175724595330166,53.0,"(1897.188679245283, 797.6603773584906)",0.5866928460138868
1922,-14890.02702702703,nan,8.0,"(1896.75, 2261.375)",0.9604336262479441
1923,253.60000000000036,19.28962687697576,12.0,"(1901.25, 859.0)",0.6072988116471822
1924,-16365.003952569168,nan,9.0,"(1903.5555555555557, 2227.3333333333335)",0.9079367792446745
1925,645.7529880478105,18.274833938923496,22.0,"(1903.8636363636363, 1977.7272727272727)",0.6809562630175621
1926,16464.203921568638,14.758648158710006,287.0,"(1912.6933797909408, 1035.3797909407665)",0.47094016528984234
1927,268.98023715415184,19.22569906960548,19.0,"(1905.7368421052631, 1376.842105263158)",0.6658471549946701
1928,8463.067729083665,15.481180458739523,26.0,"(1906.7692307692307, 1288.0384615384614)",0.7616981035586342
1929,-1956.5714285714275,nan,22.0,"(1908.6818181818182, 79.5)",0.622304375699383
1930,839.1019607843118,17.990463160158416,32.0,"(1907.40625, 802.59375)",0.7421983825489262
1931,-16167.927419354834,nan,39.0,"(1909.0, 1342.7179487179487)",0.9198841907003784
1932,-31391.03571428571,nan,72.0,"(1915.2916666666667, 1276.0972222222222)",0.8250804226678669
1933,2013.317460317463,17.040219350168154,57.0,"(1913.6315789473683, 247.0)",0.26712193550459445
1934,-3218.3921568627447,nan,10.0,"(1910.4, 386.7)",0.8220661356719444
1935,3818.858823529412,16.345165991076026,13.0,"(1912.6923076923076, 1322.1538461538462)",0.786283935618104
1936,-162290.86852589634,nan,241.0,"(1925.941908713693, 2175.3319502074687)",0.9330580947227582
1937,-45987.619999999995,nan,125.0,"(1915.96, 1511.568)",0.8343419554228099
1938,1792.3019607843162,17.166472050224407,62.0,"(1915.4193548387098, 1591.1612903225807)",0.6786152445609271
1939,5284.4409448818915,15.99250237774823,81.0,"(1919.8148148148148, 186.4814814814815)",0.49806605129482545
1940,-20150.7890625,nan,17.0,"(1915.4705882352941, 1690.235294117647)",0.9282076700429036
1941,255.18897637795453,19.28284522536336,13.0,"(1915.8461538461538, 1892.4615384615386)",0.8026998759006345
1942,-105018.38645418326,nan,50.0,"(1920.26, 1069.9)",0.9427369097774339
1943,-5757.921259842522,nan,22.0,"(1917.4545454545455, 1415.3636363636363)",0.7057195871166619
1944,1514.0869565217363,17.34962295467063,26.0,"(1917.8461538461538, 2222.423076923077)",0.7463232235472366
1945,2470.6420233462995,16.817975439760488,66.0,"(1920.3484848484848, 467.77272727272725)",0.6094494536909792
1946,686.51953125,18.20836775679844,32.0,"(1919.15625, 967.15625)",0.5851950084247467
1947,492.53968253968196,18.568896934673543,10.0,"(1917.9, 2244.5)",0.6514229800810485
1948,5112.911538461543,16.028329302992166,84.0,"(1923.9166666666667, 1526.9880952380952)",0.5438668716556516
1949,202.85039370078812,19.532060362653468,8.0,"(1920.625, 1981.5)",0.6353272369503311
1950,1280.0836653386505,17.531904110631405,57.0,"(1924.859649122807, 563.8070175438596)",0.5759639710485325
1951,280.70817120622814,19.179362362979944,15.0,"(1922.3333333333333, 994.8)",0.8236246481419973
1952,-9369.1953125,nan,15.0,"(1924.3333333333333, 916.3333333333334)",0.8167428549117489
1953,-8752.098591549293,nan,16.0,"(1927.625, 2.125)",0.841406011719246
1954,3924.3125,16.315591040678136,74.0,"(1929.945945945946, 1573.8648648648648)",0.5479033477236542
1955,1027.9453125,17.77007497383639,41.0,"(1931.2682926829268, 1405.780487804878)",0.3731572059160855
1956,55103.921875,13.447043725735435,367.0,"(1938.3297002724796, 2101.125340599455)",0.595416384336647
1957,1011.6220472440909,17.78745428557662,46.0,"(1932.2608695652175, 539.804347826087)",0.6336101991500717
1958,1082.54296875,17.713887141083923,37.0,"(1932.8648648648648, 353.1621621621622)",0.7291071075289657
1959,622.6589147286795,18.31437447410699,37.0,"(1936.2432432432433, 486.4054054054054)",0.5010165547182952
1960,-1514.3120000000017,nan,9.0,"(1934.5555555555557, 2280.0)",0.8671032092639515
1961,-3257.94921875,nan,10.0,"(1935.2, 1470.7)",0.7292417602546153
1962,788.7354085603074,18.057671655075886,41.0,"(1938.7560975609756, 626.7317073170732)",0.5402444748219043
1963,1406.5748031496041,17.42959291660111,64.0,"(1940.421875, 1670.375)",0.5744556860652655
1964,288.67716535433283,19.14896891969567,12.0,"(1938.0, 2117.6666666666665)",0.5597217792580755
1965,5857.625,15.88069608728802,92.0,"(1943.0, 2252.8260869565215)",0.3513941826883125
1966,286.5238095238092,19.157098208105662,21.0,"(1939.904761904762, 519.7142857142857)",0.7236151786104169
1967,1087.8640000000014,17.708563487103213,115.0,"(1942.104347826087, 884.2173913043479)",0.8095787787863907
1968,251.37647058823495,19.299188439257648,14.0,"(1939.7857142857142, 1744.5714285714287)",0.7375734767455608
1969,856.4799999999959,17.968206934901616,41.0,"(1942.0, 1543.5853658536585)",0.31513256157787206
1970,-96463.39607843137,nan,50.0,"(1942.94, 2239.14)",0.9251837579732924
1971,721.6496062992155,18.154184052434896,33.0,"(1942.7575757575758, 297.24242424242425)",0.5219930393692305
1972,340.56521739130403,18.969499273687468,9.0,"(1941.3333333333333, 605.5555555555555)",0.8940475202532329
1973,929.6976744186031,17.8791456385014,42.0,"(1946.7619047619048, 810.4047619047619)",0.5776595990726162
1974,838.828125,17.990817541345503,37.0,"(1947.3513513513512, 1508.3513513513512)",0.7759963228744334
1975,-3241.5609756097547,nan,10.0,"(1945.0, 1606.5)",0.6695340634119862
1976,273.0720000000001,19.209307072141602,27.0,"(1950.4444444444443, 1835.962962962963)",0.6147617282479567
1977,1070.7258064516136,17.725804324766653,39.0,"(1950.4615384615386, 2029.0)",0.5820950062200372
1978,-2740.0319999999992,nan,12.0,"(1949.0833333333333, 2168.25)",0.752498820701924
1979,607.2625482625481,18.34155875579915,8.0,"(1948.625, 2233.75)",0.747102836415358
1980,-2980.760000000002,nan,25.0,"(1954.32, 2051.04)",0.8128216519591366
1981,-3305.4588235294123,nan,9.0,"(1954.4444444444443, 1007.2222222222222)",0.6759592151917008
1982,173.42857142857065,19.70219838318755,10.0,"(1955.5, 270.1)",0.5461186812727502
1983,20936.564705882367,14.497736440796594,217.0,"(1962.5483870967741, 1826.373271889401)",0.5461971039003135
1984,-5318.324110671936,nan,36.0,"(1959.888888888889, 1348.3055555555557)",0.5293005508080261
1985,1264.1818181818162,17.545476150271572,45.0,"(1961.4888888888888, 2040.088888888889)",0.6240728266307312
1986,5837.377510040154,15.884455548622086,132.0,"(1963.0227272727273, 2167.5530303030305)",0.3207207597411299
1987,19524.796875,14.573533688956427,236.0,"(1969.5381355932204, 1875.7711864406779)",0.7118408368030248
1988,1368.9105058365749,17.45906235864931,48.0,"(1963.9583333333333, 1545.1458333333333)",0.40996391700041696
1989,217.390625,19.456897972134875,19.0,"(1962.578947368421, 1907.6842105263158)",0.19497873530615933
1990,782.2745098039231,18.066602052219075,29.0,"(1962.4827586206898, 2017.3103448275863)",0.5941930471895028
1991,489.95617529880474,18.57460691052607,13.0,"(1963.923076923077, 290.3076923076923)",0.8793732940609714
1992,2734.8599221789773,16.707662282634097,90.0,"(1968.4444444444443, 1467.2666666666667)",0.7472696418260099
1993,1705.488372093023,17.220378093093895,21.0,"(1966.047619047619, 2273.1428571428573)",0.6565102838272951
1994,7274.854901960789,15.645439160805717,153.0,"(1971.6209150326797, 1249.450980392157)",0.49915540385240414
1995,1704.6811023622067,17.220892133229842,46.0,"(1967.1521739130435, 1694.8478260869565)",0.6264609095359496
1996,574.6719999999987,18.40144990668609,25.0,"(1967.56, 1748.04)",0.7203101605294265
1997,1796.1176470588252,17.164163050303337,65.0,"(1973.323076923077, 631.9846153846154)",0.5158070325209774
1998,573.1192307692327,18.404387546833128,22.0,"(1970.090909090909, 827.0)",0.6748745619324226
1999,169.60700389105114,19.72639054398909,9.0,"(1969.2222222222222, 833.6666666666666)",0.5612111506528393
2000,21908.737254901964,14.448456632436882,233.0,"(1978.3648068669527, 2069.6995708154504)",0.692576450203663
2001,-1556.5999999999985,nan,26.0,"(1972.0, 2245.6923076923076)",0.7194796395865404
2002,-50534.76000000001,nan,23.0,"(1973.9130434782608, 972.2608695652174)",0.9092390372557052
2003,-9984.032258064515,nan,13.0,"(1973.4615384615386, 810.0)",0.935879191529918
2004,2175.5298804780905,16.956087368450994,88.0,"(1977.9318181818182, 366.78409090909093)",0.5975153009524488
2005,704.7920000000013,18.17984758546694,38.0,"(1975.9473684210527, 752.5526315789474)",0.5057574190380503
2006,-2736.574803149604,nan,18.0,"(1976.3333333333333, 276.0)",0.8699594814736523
2007,913.3190661478584,17.89844369017242,39.0,"(1976.4358974358975, 953.4358974358975)",0.7579444052604496
2008,-46435.91764705883,nan,41.0,"(1978.1707317073171, 1022.3170731707318)",0.9096730495053723
2009,3131.611764705871,16.56058021016306,93.0,"(1979.1612903225807, 1590.0537634408602)",0.6032768705753315
2010,38188.984251968504,13.845154732021122,231.0,"(1983.5454545454545, 882.3073593073593)",0.4644269926703055
2011,34935.30830039526,13.941838549474816,380.0,"(1986.4, 1670.9184210526316)",0.34220019043851535
2012,19414.77570093458,14.579669056241796,219.0,"(1985.1780821917807, 11.228310502283104)",0.633907751440541
2013,11925.262745098036,15.108830108814137,163.0,"(1984.846625766871, 1845.6564417177915)",0.5182259516654432
2014,-3073.0,nan,11.0,"(1978.7272727272727, 1895.909090909091)",0.6285209228825561
2015,-9982.277777777781,nan,16.0,"(1980.6875, 1634.0)",0.8918060253857371
2016,1655.3240000000005,17.252792470520703,35.0,"(1982.057142857143, 1936.4571428571428)",0.5423227834989082
2017,2741.828125,16.704899432494656,31.0,"(1981.7096774193549, 2293.5806451612902)",0.4570490951619601
2018,893.9803149606305,17.92168011016372,23.0,"(1983.6521739130435, 145.6086956521739)",0.5655903757298913
2019,1512.0152091254786,17.351109600780735,40.0,"(1984.525, 160.475)",0.6164217716745759
2020,1054.9055118110227,17.74196609626362,25.0,"(1983.84, 2178.56)",0.5950835131588825
2021,-12097.479999999996,nan,70.0,"(1988.9857142857143, 306.75714285714287)",0.7131144711229053
2022,872.8888888888905,17.94760258665108,37.0,"(1984.1081081081081, 1713.2702702702702)",0.8465230621599451
2023,945.9880478087653,17.860285876763733,15.0,"(1984.2666666666667, 2167.0666666666666)",0.658046885054587
2024,-9112.400778210118,nan,9.0,"(1984.6666666666667, 2266.777777777778)",0.9600929752049847
2025,1667.9296875,17.244555653092206,36.0,"(1986.5, 1550.8333333333333)",0.6570043198176042
2026,628.84375,18.30364312781197,36.0,"(1989.6666666666667, 1471.6666666666667)",0.743066106927105
2027,-9774.015748031496,nan,23.0,"(1991.0869565217392, 195.47826086956522)",0.6108015074036977
2028,1711.7384615384653,17.21640647734164,38.0,"(1991.5526315789473, 282.5)",0.46707352381833145
2029,1020.5116279069771,17.777955106210868,42.0,"(1993.0238095238096, 965.1190476190476)",0.475513458168187
2030,-5846.51171875,nan,13.0,"(1991.1538461538462, 2175.076923076923)",0.8356979104652805
2031,-2827.7619047619046,nan,23.0,"(1991.9130434782608, 639.7826086956521)",0.47934168205611916
2032,695.5217391304323,18.19422322803016,33.0,"(1994.8181818181818, 1487.909090909091)",0.42552014806737476
2033,5877.444444444438,15.87702866819801,148.0,"(1999.8783783783783, 517.2635135135135)",0.7076941510574042
2034,987.8031496062977,17.813323983565216,39.0,"(1998.179487179487, 1265.5897435897436)",0.6577066541416204
2035,-3235.545816733069,nan,12.0,"(1996.0833333333333, 1591.3333333333333)",0.816624148385228
2036,-5732.818181818191,nan,47.0,"(1999.8085106382978, 931.936170212766)",0.839729432363316
2037,372.7007874015744,18.87159922428794,13.0,"(1997.2307692307693, 2005.7692307692307)",0.5787073115942241
2038,649.7200000000012,18.268184410907303,33.0,"(1999.5151515151515, 853.060606060606)",0.5583889146718949
2039,1509.6470588235243,17.352811436935514,58.0,"(2001.5344827586207, 949.6206896551724)",0.3347611839779142
2040,11017.581673306762,15.194784303455371,139.0,"(2005.2661870503598, 1619.0287769784172)",0.5833474918095485
2041,5523.984251968504,15.944368920496427,178.0,"(2008.3539325842696, 570.5842696629213)",0.4688872387033665
2042,-7432.162790697672,nan,29.0,"(2003.5862068965516, 2266.2413793103447)",0.6829794626874524
2043,-2188.2109375,nan,27.0,"(2003.2962962962963, 31.62962962962963)",0.7405179501770316
2044,4361.928286852592,16.20080369700805,89.0,"(2006.0449438202247, 342.4269662921348)",0.569423230776646
2045,-3016.2362204724413,nan,34.0,"(2005.1176470588234, 51.588235294117645)",0.8629616675218229
2046,-2767.9090909090883,nan,27.0,"(2005.3703703703704, 449.0740740740741)",0.60629921534072
2047,254.12015503875955,19.287402220933853,15.0,"(2004.2, 599.6)",0.8832790580429856
2048,-6290.304347826088,nan,20.0,"(2005.55, 1835.1)",0.7516078783581374
2049,1468.4859437751002,17.382825515379555,45.0,"(2005.9555555555555, 1917.4888888888888)",0.7403072065042184
2050,-2635.287401574802,nan,18.0,"(2006.888888888889, 290.3888888888889)",0.5828560395896641
2051,349.0078740157478,18.942911936878456,11.0,"(2007.3636363636363, 271.54545454545456)",0.7891117285197593
2052,600.2727272727279,18.354128469713036,17.0,"(2007.9411764705883, 1991.7058823529412)",0.7632876315816534
2053,754.1221374045781,18.10639577556049,38.0,"(2009.9736842105262, 1581.921052631579)",0.546232504184745
2054,-7056.772455089827,nan,26.0,"(2009.0, 2302.730769230769)",0.913559209953454
2055,483.44664031620414,18.589128633813196,12.0,"(2011.25, 302.1666666666667)",0.6616688461194851
2056,517.0236220472434,18.51622403544499,27.0,"(2011.7037037037037, 1235.4814814814815)",0.7897978405485648
2057,-16.35546875,nan,108.0,"(2018.3148148148148, 81.19444444444444)",0.5599053862402514
2058,-1798.9133858267742,nan,74.0,"(2018.5405405405406, 2293.7162162162163)",0.7641080427194457
2059,-2967.004000000001,nan,14.0,"(2015.4285714285713, 589.0)",0.7251602046210308
2060,5456.519685039384,15.957710684223517,133.0,"(2022.3684210526317, 358.6466165413534)",0.611228882304594
2061,95740.0,12.847266442135178,598.0,"(2030.4899665551839, 1839.257525083612)",0.4949477447150693
2062,-3829.25,nan,30.0,"(2019.4666666666667, 49.6)",0.7305496283701917
2063,2725.0161290322576,16.711577307111487,93.0,"(2021.967741935484, 1588.494623655914)",0.27324386768329934
2064,-87155.25691699609,nan,180.0,"(2023.8222222222223, 1617.0444444444445)",0.7827452519483429
2065,18606.243346007628,14.625853258305526,136.0,"(2023.9264705882354, 2276.029411764706)",0.7917373679285741
2066,-3124.881422924902,nan,11.0,"(2018.909090909091, 275.45454545454544)",0.5132843438489937
2067,489.3373015873003,18.575979193095215,30.0,"(2019.3333333333333, 665.9666666666667)",0.696480289253943
2068,-1379.1338582677163,nan,19.0,"(2021.842105263158, 296.63157894736844)",0.6242180179401706
2069,1445.623529411765,17.39986197919866,42.0,"(2022.357142857143, 2079.690476190476)",0.5386502058836764
2070,611.3864541832663,18.3342104692204,31.0,"(2022.225806451613, 1064.1290322580646)",0.6368879411870964
2071,673.3359683794479,18.229420464233037,31.0,"(2024.5483870967741, 486.1290322580645)",0.76754965517983
2072,1932.580882352937,17.08465580235399,41.0,"(2026.0, 267.0)",0.7020794064336402
2073,7774.150579150562,15.573367629206297,153.0,"(2030.9803921568628, 1132.1437908496732)",0.43045070705893546
2074,-16451.144,nan,8.0,"(2024.25, 127.0)",0.9770484855851236
2075,-5612.074803149604,nan,57.0,"(2029.4035087719299, 819.140350877193)",0.8276294100817088
2076,-2877.447058823527,nan,26.0,"(2026.3461538461538, 1763.5384615384614)",0.7397481693457636
2077,-13966.225352112684,nan,34.0,"(2030.1176470588234, 2306.764705882353)",0.6071460147004564
2078,405.0,18.781362441963328,24.0,"(2029.375, 1474.75)",0.4301340164833127
2079,430.03501945525204,18.71624044165043,20.0,"(2031.15, 1901.05)",0.6101744794334564
2080,2363.34375,16.866182763343378,55.0,"(2036.3090909090909, 103.32727272727273)",0.28770096041418963
2081,-9859.549407114624,nan,11.0,"(2035.8181818181818, 1269.909090909091)",0.8827072350312398
2082,1586.2749003984063,17.299053868869187,57.0,"(2038.0526315789473, 1437.6842105263158)",0.6745665915754068
2083,4010.0476190476184,16.292126175328086,94.0,"(2040.159574468085, 892.2553191489362)",0.2606964267790119
2084,-6621.924901185772,nan,13.0,"(2037.5384615384614, 336.9230769230769)",0.7861593518268692
2085,1983.2677165354326,17.05654664367693,38.0,"(2039.1842105263158, 1648.5526315789473)",0.5632007292967042
2086,98.16470588235279,20.32011157573955,10.0,"(2037.1, 1713.6)",0.6810724057524696
2087,-37283.875,nan,18.0,"(2039.9444444444443, 403.0)",0.9551334469339878
2088,2641.7115384615317,16.7452865172333,78.0,"(2043.1410256410256, 708.0)",0.548696219356325
2089,-16539.352941176476,nan,19.0,"(2042.6842105263158, 1083.157894736842)",0.8792057811320461
2090,1037.3019607843162,17.760237002920896,43.0,"(2042.8372093023256, 1425.4186046511627)",0.3274803310760635
2091,3631.851851851854,16.39967968812207,88.0,"(2046.5, 4.7727272727272725)",0.6703298446484366
2092,2785.2857142857174,16.687825620818806,52.0,"(2043.8076923076924, 55.92307692307692)",0.6180226175329769
2093,33444.41732283466,13.989190915086564,313.0,"(2050.5335463258784, 1999.7987220447285)",0.3319821060257913
2094,-6638.7734375,nan,10.0,"(2042.6, 235.8)",0.7506384571686334
2095,-2858.6875,nan,14.0,"(2044.357142857143, 270.7142857142857)",0.8741878495655523
2096,14003.561264822143,14.934403760629332,180.0,"(2049.161111111111, 766.2666666666667)",0.8089110944974948
2097,1110.15625,17.686539729300996,38.0,"(2047.8157894736842, 2186.5)",0.446965445832464
2098,5188.888888888876,16.012314072183035,93.0,"(2051.3548387096776, 162.50537634408602)",0.33108422073420596
2099,463.8404669260708,18.634078412013302,24.0,"(2048.2916666666665, 1413.75)",0.6600959139623246
2100,1041.548638132299,17.755801111507935,31.0,"(2049.6129032258063, 1903.774193548387)",0.6535162443532448
2101,-26481.641434262943,nan,29.0,"(2050.310344827586, 285.0344827586207)",0.9210027255781028
2102,1962.139442231084,17.06817533026021,57.0,"(2052.842105263158, 572.7543859649123)",0.6171212953696689
2103,-30816.33600000001,nan,243.0,"(2058.588477366255, 910.0576131687243)",0.6991405099899424
2104,-3326.007843137255,nan,9.0,"(2051.5555555555557, 316.22222222222223)",0.7988145296301215
2105,480.375,18.59604900631899,22.0,"(2052.6363636363635, 1233.2727272727273)",0.6586826712083144
2106,1085.77689243028,17.710648513158773,45.0,"(2054.9333333333334, 2104.777777777778)",0.7077150755488155
2107,1125.1920000000027,17.67193341071298,38.0,"(2054.8684210526317, 498.7368421052632)",0.5753768898839241
2108,-19180.51162790699,nan,66.0,"(2056.378787878788, 872.2727272727273)",0.8913171696320745
2109,1028.439215686274,17.76955342879076,53.0,"(2057.735849056604, 1451.3584905660377)",0.37078026917056206
2110,3216.685039370088,16.53147865203481,87.0,"(2060.4942528735633, 1864.9080459770114)",0.7534811242387196
2111,359.01171875,18.912228437708826,14.0,"(2059.0714285714284, 1184.857142857143)",0.8893871532528254
2112,1040.6769230769278,17.7567101894376,53.0,"(2062.0754716981132, 809.9245283018868)",0.5657402929464141
2113,306.4960629921261,19.083937749289497,25.0,"(2061.72, 323.84)",0.5087985206272944
2114,234.8260869565238,19.37313414684099,26.0,"(2062.923076923077, 897.4230769230769)",0.6006295244168864
2115,5637.314741035851,15.922319292726362,95.0,"(2066.4105263157894, 757.021052631579)",0.47955810458932524
2116,1081.5020080321337,17.71493167466656,49.0,"(2065.0408163265306, 793.3061224489796)",0.6757521411421828
2117,407.4071146245042,18.774928477765364,24.0,"(2063.5833333333335, 1916.5833333333333)",0.6017353662024572
2118,904.2320000000036,17.90930031929526,48.0,"(2066.0625, 582.5208333333334)",0.5407391253378057
2119,478.5296442687759,18.600227882734735,16.0,"(2064.8125, 141.875)",0.627585721490671
2120,566.8685258964142,18.41629413891689,29.0,"(2065.7586206896553, 1462.103448275862)",0.5804707832223506
2121,6099.1204819277045,15.836831968778418,105.0,"(2069.0476190476193, 485.51428571428573)",0.339697304933107
2122,4898.648221343872,16.07480936676772,119.0,"(2070.4621848739494, 1583.890756302521)",0.4908653857469032
2123,490.28515625,18.573878137863048,34.0,"(2068.0588235294117, 1596.1470588235295)",0.589840442032156
2124,-2730.883720930229,nan,24.0,"(2068.7083333333335, 174.79166666666666)",0.771003909660579
2125,1220.7051792828715,17.583473031929636,42.0,"(2070.095238095238, 2216.7380952380954)",0.26854634659385296
2126,1777.1511627906875,17.175689074868068,55.0,"(2072.8545454545456, 233.87272727272727)",0.6538604868265049
2127,676.3545816733094,18.22456390921636,41.0,"(2073.0243902439024, 1215.4146341463415)",0.6031637370600771
2128,43277.60236220475,13.709342019344044,297.0,"(2079.6666666666665, 2040.3703703703704)",0.7212292536136002
2129,-17629.48000000001,nan,46.0,"(2074.4565217391305, 29.043478260869566)",0.5482447236010591
2130,2004.4418604651146,17.04501634023403,52.0,"(2074.1153846153848, 1365.0384615384614)",0.6805299938684697
2131,-57009.921875,nan,35.0,"(2074.885714285714, 267.8285714285714)",0.9397632464885157
2132,1267.6588235294112,17.54249404081247,32.0,"(2075.34375, 725.625)",0.6489674384826182
2133,-3192.1019607843155,nan,12.0,"(2074.3333333333335, 1402.1666666666667)",0.8026724756595978
2134,-2712.241106719368,nan,19.0,"(2079.4736842105262, 608.8947368421053)",0.7578131396639908
2135,391.573122529644,18.81796781424618,22.0,"(2080.1363636363635, 853.5454545454545)",0.5121077796951234
2136,-9511.857142857145,nan,17.0,"(2080.8823529411766, 1482.2941176470588)",0.9163508366800592
2137,179.1875,19.666730724273602,11.0,"(2081.181818181818, 1150.6363636363637)",0.5911590203969773
2138,3268.473684210534,16.514137518406592,71.0,"(2085.9859154929577, 1944.4647887323943)",0.7124177463695207
2139,38697.71428571432,13.830786715515863,291.0,"(2090.721649484536, 232.89690721649484)",0.5294944456967488
2140,48412.92000000001,13.587596805810357,274.0,"(2091.7226277372265, 1502.0802919708028)",0.12779370365775325
2141,-6634.976377952757,nan,9.0,"(2083.3333333333335, 2000.0)",0.8960933255981706
2142,1243.146245059288,17.563694443709217,38.0,"(2085.0789473684213, 2196.3947368421054)",0.6737532169346067
2143,884.5603112840472,17.93318137645915,54.0,"(2086.703703703704, 453.2037037037037)",0.6204073221551811
2144,62957.629921259824,13.302379074061047,388.0,"(2094.9484536082473, 593.180412371134)",0.3800276833517359
2145,1283.5,17.529010317481344,60.0,"(2087.8, 890.8333333333334)",0.5562670524513315
2146,-3004.376,nan,14.0,"(2084.4285714285716, 1543.0)",0.7977450167099256
2147,3428.677042801559,16.462183551090337,82.0,"(2089.8536585365855, 1609.0731707317073)",0.8052550812988266
2148,494.5,18.564584260167006,18.0,"(2089.1666666666665, 387.5)",0.8780498183776725
2149,-97765.98443579767,nan,116.0,"(2096.594827586207, 501.4913793103448)",0.9072014516758816
2150,-2939.611764705882,nan,21.0,"(2089.2380952380954, 1126.4761904761904)",0.7434457021625168
2151,1213.6216216216199,17.589791737138448,49.0,"(2091.4285714285716, 1222.4897959183672)",0.46965875730365775
2152,-9501.073643410855,nan,22.0,"(2091.0454545454545, 113.13636363636364)",0.8698997292472205
2153,1417.2412451361888,17.42139054284687,38.0,"(2091.842105263158, 1188.1315789473683)",0.6544070963840959
2154,252.05859375,19.296246227566368,18.0,"(2093.4444444444443, 327.27777777777777)",0.649903307394162
2155,3370.1176470588252,16.480887345316727,73.0,"(2097.178082191781, 286.1917808219178)",0.5105739918839693
2156,1251.8605577689232,17.556110109052288,40.0,"(2097.2, 841.075)",0.5326303165735001
2157,455.78740157480206,18.6530942083222,46.0,"(2098.6739130434785, 2043.5652173913043)",0.49093465970248257
2158,3101.3984375,16.57110609062084,60.0,"(2102.3333333333335, 1638.6666666666667)",0.4310760623808179
2159,1310.8346456692889,17.506130221580595,41.0,"(2102.1463414634145, 1104.4634146341464)",0.6778362819684779
2160,3172.5652173913113,16.54647360372771,85.0,"(2105.235294117647, 1771.1764705882354)",0.6218922156726389
2161,-3173.3647058823553,nan,10.0,"(2101.6, 330.1)",0.7509100640055677
2162,24048.746031746035,14.347268910043585,76.0,"(2107.1184210526317, 1289.7368421052631)",0.2924404926153784
2163,-11821.861003861006,nan,16.0,"(2105.625, 2139.25)",0.8537699184742139
2164,12332.271317829436,15.072392322712517,220.0,"(2111.309090909091, 1918.7136363636364)",0.767071459340208
2165,-2712.3373015873003,nan,23.0,"(2109.217391304348, 921.7826086956521)",0.8055845061190463
2166,2392.368000000002,16.852930038217504,81.0,"(2111.962962962963, 2037.7407407407406)",0.6791449751548163
2167,260.0236220472434,19.26246799104637,18.0,"(2109.6666666666665, 941.0)",0.6123724356957945
2168,3355.9047619047633,16.485475931561655,18.0,"(2110.8888888888887, 2180.4444444444443)",0.48647976478526844
2169,9894.239215686277,15.311543984475623,186.0,"(2118.6236559139784, 1070.3978494623657)",0.749345450541459
2170,1461667.8039215687,9.887878297783457,1406.0,"(2132.9018492176388, 574.4054054054054)",0.4337077955179163
2171,-6634.096774193553,nan,19.0,"(2115.5263157894738, 1636.0)",0.8653111496746695
2172,-3053.09375,nan,24.0,"(2117.25, 435.5416666666667)",0.6865068399464327
2173,8560.75,15.468720463718055,146.0,"(2124.7328767123286, 1937.7945205479452)",0.6054266434734578
2174,928.7786561264838,17.880219433736258,25.0,"(2119.92, 482.56)",0.5921184607712485
2175,-5962.113970588238,nan,13.0,"(2119.0, 1084.0)",0.7564887143856367
2176,729.6875,18.142157733544437,22.0,"(2120.818181818182, 1622.6818181818182)",0.6461046005777562
2177,5518.2204724409385,15.945502379770884,69.0,"(2122.6666666666665, 2221.985507246377)",0.6057889223155035
2178,10380.57142857142,15.259446847084831,134.0,"(2127.6567164179105, 1276.4925373134329)",0.434344182452609
2179,1335.280632411057,17.486068625450066,64.0,"(2125.8125, 2074.125)",0.5695424834243595
2180,521.6115384615405,18.50663202557746,25.0,"(2124.08, 1743.92)",0.5173436535021734
2181,1983.354330708662,17.05649922794505,18.0,"(2123.722222222222, 2146.5)",0.6614445300260974
2182,5820.725099601579,15.887557277576013,151.0,"(2128.887417218543, 207.21192052980132)",0.6690897524127606
2183,873.4549019607803,17.946898783758137,39.0,"(2126.6153846153848, 874.5128205128206)",0.6941878366283996
2184,5078.989189189197,16.035556778954533,47.0,"(2129.9148936170213, 8.063829787234043)",0.6533515444324426
2185,46013.265625,13.64279235790577,351.0,"(2137.6666666666665, 1065.3304843304843)",0.6876523120721328
2186,3012.823529411766,16.60256576395233,20.0,"(2130.6, 2124.45)",0.5568935338759322
2187,11465.434782608703,15.151523679176027,276.0,"(2141.4166666666665, 1516.8840579710145)",0.7893559881201562
2188,1061.0866141732258,17.73562291036402,43.0,"(2133.813953488372, 1685.4186046511627)",0.40145591490738436
2189,-3198.7215686274503,nan,14.0,"(2133.9285714285716, 1003.6428571428571)",0.7669685609661546
2190,1057.5984251968475,17.739198011346232,37.0,"(2135.7027027027025, 469.13513513513516)",0.5600886751454159
2191,-24466.458167330682,nan,40.0,"(2138.25, 836.025)",0.891042376323663
2192,2632.0625,16.74925950584159,40.0,"(2139.45, 2228.75)",0.7618593844157805
2193,3775.4642857142753,16.35757408404384,88.0,"(2143.0795454545455, 226.29545454545453)",0.6572144297886213
2194,-6063.669354838712,nan,52.0,"(2141.519230769231, 526.0)",0.6562286186312162
2195,1128.7751937984503,17.668481358239752,37.0,"(2142.3513513513512, 2250.810810810811)",0.6664374856416094
2196,169.83783783783838,19.724913869247644,8.0,"(2142.375, 1587.75)",0.8124097554365945
2197,237.84615384615427,19.359259667651372,19.0,"(2143.5789473684213, 1901.5263157894738)",0.659480682323616
2198,2216.0909090909117,16.936031069576167,61.0,"(2146.2622950819673, 451.1639344262295)",0.6078430592301478
2199,4228.543307086613,16.234523042939312,24.0,"(2146.0833333333335, 2030.8333333333333)",0.40324778726560884
2200,4808.1759999999995,16.095049109153344,55.0,"(2147.581818181818, 2048.0)",0.3708954400854517
2201,-16428.618473895585,nan,23.0,"(2147.478260869565, 159.04347826086956)",0.7758402375645814
2202,197.171875,19.562887584077984,11.0,"(2149.3636363636365, 256.72727272727275)",0.49796814843649484
2203,798.217898832685,18.0446963451099,9.0,"(2153.222222222222, 364.3333333333333)",0.7007634599780723
2204,1826.9130434782637,17.14570530873455,34.0,"(2154.176470588235, 707.2352941176471)",0.5748994344191177
2205,1519.107142857145,17.346028985503246,29.0,"(2156.3793103448274, 16.93103448275862)",0.4475263207673389
2206,335.9203187251005,18.98440931576568,16.0,"(2155.0625, 1439.375)",0.7004307700447554
2207,874.8333333333321,17.94518669403876,30.0,"(2156.6666666666665, 1387.0666666666666)",0.3520470908093862
2208,285.83399209486197,19.1597153127133,9.0,"(2156.4444444444443, 661.3333333333334)",0.8454609500477417
2209,868.2310756972147,17.953411684914414,42.0,"(2158.2380952380954, 1539.0714285714287)",0.559266446239776
2210,971.8846153846134,17.830963231399046,12.0,"(2157.9166666666665, 2045.9166666666667)",0.8204352442950353
2211,310.75590551181085,19.06895152351529,19.0,"(2159.9473684210525, 1449.2105263157894)",0.7215140817723508
2212,-17061.952941176452,nan,151.0,"(2164.4701986754967, 2294.3708609271525)",0.6234513924328878
2213,-3261.069498069499,nan,11.0,"(2161.5454545454545, 1100.5454545454545)",0.22268088570756178
2214,14539.572549019606,14.893620902937787,95.0,"(2165.1894736842105, 2224.2631578947367)",0.750456907794623
2215,-2398.9527559055095,nan,8.0,"(2164.375, 351.625)",0.8843499034279461
2216,928.9203187250987,17.880053843708428,9.0,"(2166.1111111111113, 357.22222222222223)",0.7869526281849772
2217,-19777.304347826088,nan,9.0,"(2170.6666666666665, 1172.4444444444443)",0.9497570798304296
2218,-3172.291338582676,nan,13.0,"(2170.769230769231, 1204.7692307692307)",0.8793570375050044
2219,2286.733333333337,16.90196119387694,66.0,"(2173.409090909091, 1583.8333333333333)",0.5391151539039898
2220,9638.874509803922,15.339934184619917,142.0,"(2176.3591549295775, 164.30281690140845)",0.4938162312758281
2221,-23111.976653696503,nan,48.0,"(2175.7916666666665, 19.375)",0.874124541287025
2222,57920.84860557772,13.392912709654176,331.0,"(2183.2447129909365, 2288.132930513595)",0.6768558687479235
2223,681.90625,18.215688322546313,25.0,"(2177.12, 679.16)",0.7585426423981213
2224,4097.874015748035,16.26860349398938,39.0,"(2178.102564102564, 705.5897435897435)",0.33250577665718833
2225,760.6384615384595,18.097054295879317,36.0,"(2179.9444444444443, 1570.0833333333333)",0.45757357046533637
2226,2573.9581749049394,16.77349628592132,75.0,"(2181.9333333333334, 1267.96)",0.756178060476062
2227,215168.05882352946,11.968055495458579,515.0,"(2191.382524271845, 874.4582524271844)",0.45366046206608707
2228,-3166.4302788844616,nan,13.0,"(2181.230769230769, 929.0769230769231)",0.8863889730390644
2229,-2933.2777777777774,nan,18.0,"(2182.0555555555557, 847.6666666666666)",0.5304272952888831
2230,904.3083003952561,17.909208707179573,33.0,"(2182.2727272727275, 1112.4848484848485)",0.795422128210397
2231,156.0625,19.816753600761444,11.0,"(2183.2727272727275, 1253.6363636363637)",0.671608931414175
2232,990.0634920634911,17.810842383787335,43.0,"(2186.5116279069766, 1428.3720930232557)",0.708887617416671
2233,1454.1633466135536,17.39346701576197,66.0,"(2188.3939393939395, 1614.0151515151515)",0.6095563245581134
2234,716.8372093023281,18.161448648936602,26.0,"(2188.423076923077, 268.53846153846155)",0.43070034509054284
2235,3536.6352941176447,16.428524308279563,73.0,"(2191.8356164383563, 1779.0684931506848)",0.37557262313932993
2236,-6039.171206225685,nan,18.0,"(2190.722222222222, 353.22222222222223)",0.841121461059446
2237,138.9375,19.942951299892336,12.0,"(2190.6666666666665, 426.6666666666667)",0.5598339562984495
2238,-2589.42578125,nan,17.0,"(2190.705882352941, 1104.3529411764705)",0.597183711323469
2239,175.96047430830004,19.686462190089838,8.0,"(2189.875, 1223.625)",0.8021087259367566
2240,326667.75,11.514734346918111,632.0,"(2204.0443037974683, 1154.2215189873418)",0.31113010110756906
2241,327.84462151394473,19.010829841995914,25.0,"(2192.8, 1638.16)",0.5622293500487529
2242,1762.2857142857101,17.18480919826844,67.0,"(2195.0298507462685, 1032.3731343283582)",0.6644329095686683
2243,276.4251968503959,19.19605593115398,9.0,"(2192.3333333333335, 1343.111111111111)",0.833719025807607
2244,554.722222222219,18.439811089741468,28.0,"(2196.8928571428573, 1424.5)",0.7215319464966803
2245,6657.7312252964475,15.741684353575728,154.0,"(2201.474025974026, 1622.8961038961038)",0.6384907118643854
2246,403.88582677165687,18.784353467241292,25.0,"(2199.48, 1499.84)",0.46492958551834673
2247,815.8503937007918,18.020973681384522,35.0,"(2202.5714285714284, 1819.3428571428572)",0.35725625870473576
2248,-3279.539682539682,nan,16.0,"(2205.3125, 596.5)",0.5701567250927396
2249,7792.162790697679,15.5708549573272,129.0,"(2210.7441860465115, 1229.2635658914728)",0.5561380496116064
2250,-3001.105882352942,nan,19.0,"(2207.4210526315787, 2097.2105263157896)",0.7890242251736389
2251,5759.0,15.899132303675234,122.0,"(2213.0245901639346, 100.36065573770492)",0.6601126622527935
2252,2816.642857142855,16.67567054228455,47.0,"(2210.0851063829787, 652.7021276595744)",0.6919737400524156
2253,-3129.4980079681263,nan,15.0,"(2210.133333333333, 1484.2666666666667)",0.7692900461552035
2254,2407.9839999999967,16.845866007753553,47.0,"(2212.0851063829787, 2136.31914893617)",0.5852651298433021
2255,233.27734375,19.380318596244862,17.0,"(2212.0, 225.1764705882353)",0.47732358149071863
2256,387690.90157480305,11.328785977506627,899.0,"(2226.798665183537, 542.5617352614015)",0.7958410045443391
2257,6905.478927203068,15.702015489227268,37.0,"(2214.4324324324325, 793.5405405405405)",0.6840338505842603
2258,966.2598425196848,17.837265173097457,32.0,"(2215.375, 1206.5625)",0.71000948590638
2259,3099.860465116275,16.571644636861013,83.0,"(2219.253012048193, 208.72289156626505)",0.4945675181665607
2260,148.46875,19.870912369751753,12.0,"(2216.25, 1108.75)",0.5449362202351682
2261,4353.603053435116,16.20287792742056,35.0,"(2223.0, 2267.942857142857)",0.32266468627299444
2262,859.3065134099597,17.964629740775752,39.0,"(2222.948717948718, 1187.923076923077)",0.5916256381540919
2263,4902.541501976284,16.073946802919956,19.0,"(2223.2631578947367, 1987.842105263158)",0.7775606570808175
2264,1669.6875,17.243412010342503,52.0,"(2225.4423076923076, 494.34615384615387)",0.6114690859834171
2265,-4613.748031496056,nan,64.0,"(2226.828125, 965.859375)",0.851220311899977
2266,14574.082677165366,14.891046927748723,167.0,"(2229.6167664670656, 1039.9101796407185)",0.39647575196046336
2267,165.06201550387595,19.755882140510835,12.0,"(2223.5, 1702.4166666666667)",0.5090472048613779
2268,1497.6854838709696,17.361448448835418,35.0,"(2226.285714285714, 1146.9714285714285)",0.5273737103635548
2269,112113.82307692303,12.67585209438394,621.0,"(2239.9468599033817, 1748.8969404186796)",0.7642222103913112
2270,156825.76264591445,12.311456479513126,863.0,"(2246.292004634994, 665.6894553881808)",0.5738553683717704
2271,-3207.98046875,nan,11.0,"(2231.181818181818, 147.63636363636363)",0.7506693111088462
2272,-9446.039525691696,nan,22.0,"(2234.8636363636365, 517.4545454545455)",0.8248654073796198
2273,3822.494163424126,16.344132922601162,111.0,"(2240.5945945945946, 1001.2162162162163)",0.2829581068501105
2274,4614.763779527566,16.139626311824486,110.0,"(2240.6, 2228.3545454545456)",0.6926928746511829
2275,-6293.96551724138,nan,11.0,"(2237.6363636363635, 12.181818181818182)",0.8787753168583778
2276,996.6414342629505,17.80365265369481,16.0,"(2237.9375, 779.625)",0.6632195342368524
2277,-2979.0592885375518,nan,14.0,"(2238.8571428571427, 147.57142857142858)",0.7487175200817244
2278,2739.6399999999994,16.705766253793275,67.0,"(2242.5522388059703, 466.9850746268657)",0.8024043780847933
2279,239.14173228346772,19.35336157289616,17.0,"(2240.1176470588234, 1487.4705882352941)",0.7267635022648717
2280,7899.733067729103,15.555968958220372,181.0,"(2248.232044198895, 808.110497237569)",0.8507008069308741
2281,390.3046875,18.821490582191707,17.0,"(2240.3529411764707, 1618.764705882353)",0.7478326539414637
2282,12579.058823529413,15.050879629945225,44.0,"(2244.4545454545455, 1323.659090909091)",0.8026858731801703
2283,-6371.178571428565,nan,25.0,"(2242.12, 1426.76)",0.8522135976256734
2284,-3306.4375,nan,9.0,"(2241.6666666666665, 1684.6666666666667)",0.5211458179614222
2285,-10139.770750988144,nan,13.0,"(2243.6153846153848, 441.0769230769231)",0.7894297969892013
2286,1800.1724137931014,17.16171474450139,63.0,"(2245.5079365079364, 1630.5396825396826)",0.6098718731847106
2287,-3015.3359375,nan,30.0,"(2245.3333333333335, 704.1333333333333)",0.6136482402622105
2288,-2718.79446640316,nan,11.0,"(2243.090909090909, 772.3636363636364)",0.8488748621396418
2289,2311.495999999999,16.89026713440904,80.0,"(2247.0125, 929.7625)",0.49186973755968816
2290,9735.821292775683,15.329068516144265,158.0,"(2252.0506329113923, 80.00632911392405)",0.5263454014346646
2291,4626.4745098039275,16.1368745657374,103.0,"(2249.8349514563106, 1523.6019417475727)",0.5268561614217764
2292,-1424.91891891892,nan,28.0,"(2247.6428571428573, 838.7857142857143)",0.7885192270036901
2293,530.1732283464589,18.488955515512185,30.0,"(2248.2, 1182.5)",0.4873830421464898
2294,281.5629921259824,19.17606107066144,15.0,"(2247.0, 2017.3333333333333)",0.6670802624436477
2295,4026.953125,16.28755856421852,92.0,"(2250.3152173913045, 2289.304347826087)",0.4233107973977847
2296,-19970.40613026824,nan,239.0,"(2254.460251046025, 270.4769874476987)",0.7339826409562132
2297,-9215.351999999999,nan,26.0,"(2249.6153846153848, 1168.0)",0.8006732770226815
2298,2431.8210116731498,16.83517098355511,78.0,"(2251.2051282051284, 1569.6666666666667)",0.5524062363957107
2299,2172.2857142857174,16.957707634658803,64.0,"(2253.046875, 243.640625)",0.444743207642603
2300,-3366.697674418605,nan,8.0,"(2249.875, 797.0)",0.7621169766072688
2301,2732.7913385826832,16.708483818647686,58.0,"(2254.0344827586205, 1804.1724137931035)",0.20649042960050198
2302,780.376470588235,18.069239584123274,33.0,"(2253.6060606060605, 1261.6666666666667)",0.5558560858307944
2303,1757.4763779527566,17.187776258933525,58.0,"(2258.4137931034484, 706.8965517241379)",0.581868599594993
2304,5672.8404669260635,15.915498574010815,103.0,"(2258.73786407767, 1938.5825242718447)",0.5624587257234537
2305,1300.3023255813932,17.514889151796645,29.0,"(2256.655172413793, 2264.7586206896553)",0.5435275212839584
2306,4051.7380952381063,16.280896588109727,121.0,"(2264.0495867768595, 920.4380165289256)",0.7092025105550356
2307,788.1712062256775,18.05844858748509,35.0,"(2261.4285714285716, 1516.7428571428572)",0.5110907338636911
2308,-6260.960629921261,nan,16.0,"(2259.5, 512.125)",0.7590513423987544
2309,1105.5079365079364,17.691095338119705,38.0,"(2261.684210526316, 526.9736842105264)",0.7601119205788678
2310,-3187.258064516129,nan,10.0,"(2260.3, 1637.0)",0.7371172545998964
2311,9000.80800000002,15.414296255793252,131.0,"(2264.961832061069, 2147.5419847328244)",0.8015159480595068
2312,9117.055118110235,15.400363549049366,118.0,"(2264.686440677966, 1191.5593220338983)",0.3812002139222705
2313,1165.5279999999984,17.63369322191916,46.0,"(2264.0434782608695, 967.5652173913044)",0.5919290219447098
2314,-3167.6409266409282,nan,17.0,"(2263.0588235294117, 1381.1176470588234)",0.7194450853125736
2315,1449.8425196850367,17.39669791949194,27.0,"(2265.3333333333335, 550.1111111111111)",0.6729897867623025
2316,27912.328125,14.185509845389612,211.0,"(2271.4597156398104, 740.781990521327)",0.4374123184943681
2317,665.9291338582698,18.241429961653203,18.0,"(2264.8888888888887, 1208.3333333333333)",0.8584147727364084
2318,971.2350597609548,17.83168912192746,53.0,"(2265.9622641509436, 1808.6037735849056)",0.6840475015590087
2319,499.65116279069844,18.553332743899162,28.0,"(2267.285714285714, 1995.25)",0.6443255105866661
2320,9284.84251968503,15.380563644837913,105.0,"(2270.4857142857145, 1819.2)",0.18004910772203883
2321,8378.135458167337,15.4921315555508,126.0,"(2270.8650793650795, 2195.214285714286)",0.27196003176283057
2322,3347.302788844623,16.488262501614777,57.0,"(2270.0526315789475, 229.71929824561403)",0.3698672221212989
2323,1061.0355731225281,17.735675138380877,36.0,"(2268.9444444444443, 1005.3611111111111)",0.6623096123375852
2324,-9918.6640625,nan,17.0,"(2267.3529411764707, 2050.764705882353)",0.861680594574244
2325,233.65384615384392,19.37856766425118,13.0,"(2269.076923076923, 1964.0)",0.4985811288763159
2326,-210495.56626506033,nan,590.0,"(2284.2610169491527, 1787.920338983051)",0.8794715952883374
2327,2644.3320463320415,16.7442100295134,61.0,"(2274.2295081967213, 1380.622950819672)",0.7262288741425372
2328,-548939.0666666667,nan,548.0,"(2285.640510948905, 849.2664233576643)",0.8916181665860494
2329,448.5813953488396,18.67039685622329,26.0,"(2274.269230769231, 815.6153846153846)",0.6477571415770578
2330,-3127.942748091602,nan,22.0,"(2274.9545454545455, 935.9090909090909)",0.6414461342322473
2331,4952.69767441861,16.06289545419036,81.0,"(2276.8888888888887, 2215.9135802469136)",0.3853911432873209
2332,-3069.076612903227,nan,11.0,"(2275.7272727272725, 781.0)",0.8778196590780435
2333,82.5645161290322,20.508016399870023,11.0,"(2276.0, 2141.2727272727275)",0.6446583712203042
2334,133.30158730158655,19.98791169787916,22.0,"(2277.5, 1808.6818181818182)",0.6191631045369292
2335,5054.732283464575,16.04075460309688,112.0,"(2283.6339285714284, 557.5803571428571)",0.7719728816795448
2336,-3280.5294117647063,nan,12.0,"(2280.1666666666665, 1150.6666666666667)",0.7407759601431236
2337,7505.599999999991,15.611536460992294,79.0,"(2285.1392405063293, 176.25316455696202)",0.5896777177184341
2338,685186.307086614,10.710478311639879,1556.0,"(2302.400385604113, 223.8875321336761)",0.738553121851371
2339,-3051.193675889328,nan,11.0,"(2283.090909090909, 819.4545454545455)",0.8952678799183436
2340,623.6829268292713,18.3125903612339,8.0,"(2282.5, 1190.0)",0.9325316965091067
2341,1527.3919999999998,17.340123721064195,39.0,"(2285.74358974359, 472.12820512820514)",0.5572345894068499
2342,-2647.5,nan,17.0,"(2284.3529411764707, 784.1176470588235)",0.6166761877118784
2343,237.5546875,19.3605909888297,19.0,"(2288.315789473684, 1206.6842105263158)",0.6019787577434825
2344,312.2205882352937,19.063846155953293,9.0,"(2289.0, 511.0)",0.9241763718304448
2345,-18861.05118110236,nan,18.0,"(2289.8888888888887, 691.3333333333334)",0.9072982379935022
2346,125.38339920948602,20.05439990096766,9.0,"(2289.3333333333335, 1053.5555555555557)",0.8940475202532329
2347,188.953125,19.609114802777935,21.0,"(2290.6666666666665, 975.6666666666666)",0.40163990528278487
2348,213.57915057915125,19.476102862610244,8.0,"(2290.375, 1887.25)",0.6038096174684119
2349,-10059.75590551181,nan,29.0,"(2294.1724137931033, 499.0344827586207)",0.5992077484891937
2350,2336.4803149606305,16.878594683977717,78.0,"(2295.7820512820513, 590.2051282051282)",0.5948475041018266
2351,-2961.834645669289,nan,23.0,"(2293.478260869565, 707.695652173913)",0.7937537079014467
2352,1774.5714285714275,17.177266287761814,50.0,"(2294.92, 522.36)",0.6713635528510914
2353,-3217.3120000000017,nan,14.0,"(2294.5714285714284, 2043.0)",0.7316926786544304
2354,220.58730158730123,19.44104872984492,8.0,"(2296.0, 172.375)",0.5153882032022076
2355,1418.9761904761908,17.420062229170902,39.0,"(2298.2820512820513, 300.12820512820514)",0.7085330507006863
2356,4505.206349206346,16.16571328126318,96.0,"(2306.0416666666665, 148.76041666666666)",0.5971218835769297
2357,-11956.267716535433,nan,11.0,"(2302.3636363636365, 178.54545454545453)",0.9368476656320402
2358,5072.765625,16.03688800689158,108.0,"(2308.1018518518517, 498.14814814814815)",0.3782237511650815
2359,344.25,18.9578151276776,12.0,"(2306.0833333333335, 314.9166666666667)",0.6065393050809177
2360,2396.6842105263204,16.850972963164395,70.0,"(2308.5142857142855, 620.0142857142857)",0.5928145512726097
2361,828.9881889763783,18.003629142559557,28.0,"(2307.8571428571427, 1032.8214285714287)",0.5537681708549996
2362,3933.875,16.31294861007114,90.0,"(2311.6, 1994.5333333333333)",0.6035960804237355
2363,1165.3858267716569,17.633825670077282,51.0,"(2311.392156862745, 1019.5882352941177)",0.5927002702420118
2364,-16235.649805447465,nan,27.0,"(2311.037037037037, 404.14814814814815)",0.8979692341039233
2365,606.2578125,18.343356629618413,19.0,"(2310.684210526316, 1503.578947368421)",0.5956190372562145
2366,1095.5098039215663,17.70095932875891,40.0,"(2312.575, 515.7)",0.6688317251646269
2367,370.54406130268035,18.87790035691156,20.0,"(2312.95, 1074.1)",0.5533158759251092
2368,9472.411764705874,15.358848578692683,155.0,"(2318.8129032258066, 447.5032258064516)",0.3685180979252354
2369,2853.8582677165396,16.66141899805787,66.0,"(2317.560606060606, 914.7878787878788)",0.6926626787345014
2370,-22093.28235294117,nan,67.0,"(2317.7462686567164, 945.223880597015)",0.9022297204464889
2371,403.1338582677163,18.78637681234919,22.0,"(2316.5, 2021.2727272727273)",0.6407398424005041
2372,3812.679999999993,16.34692410933493,101.0,"(2321.8514851485147, 310.23762376237624)",0.7253249021372031
2373,784.0480000000025,18.064143371678536,47.0,"(2319.0425531914893, 371.70212765957444)",0.597459370076442
2374,1199.96875,17.602075159629436,53.0,"(2318.245283018868, 1546.5094339622642)",0.6829392225282296
2375,247.89763779527857,19.314319028959467,13.0,"(2318.153846153846, 1690.1538461538462)",0.7004435742463275
2376,327.4480000000003,19.012144144570744,21.0,"(2319.7619047619046, 1467.857142857143)",0.5624373151791179
2377,-39519.333333333314,nan,60.0,"(2321.9333333333334, 1963.6166666666666)",0.9061554405663578
2378,1873.1679999999978,17.118558175087013,54.0,"(2321.925925925926, 1037.3148148148148)",0.5925234693499919
2379,2133.730769230766,16.977150950111415,71.0,"(2323.887323943662, 702.0704225352113)",0.6077242159080523
2380,511.4661354581658,18.52795778987724,12.0,"(2327.3333333333335, 2195.9166666666665)",0.7983103929994448
2381,-32421.988188976393,nan,54.0,"(2335.814814814815, 398.44444444444446)",0.9266940149353975
2382,-2559.1875,nan,47.0,"(2334.7021276595747, 1333.1914893617022)",0.6966925891684853
2383,616.3464566929106,18.325437740964617,28.0,"(2334.785714285714, 1870.2142857142858)",0.6689677142159619
2384,2143.294117647063,16.972295569938012,42.0,"(2336.8333333333335, 1029.095238095238)",0.608481758951682
2385,156.61417322834677,19.8129223445788,13.0,"(2334.6153846153848, 1838.3846153846155)",0.523556754446835
2386,-3278.860557768923,nan,9.0,"(2334.777777777778, 1613.111111111111)",0.8319920282614485
2387,458.3478260869524,18.647012060346647,30.0,"(2337.2, 953.0333333333333)",0.710362213792285
2388,-134734.84765625,nan,316.0,"(2350.778481012658, 1383.4651898734178)",0.8900766258611829
2389,-2097.259842519692,nan,81.0,"(2343.753086419753, 2288.7654320987654)",0.7483325594917761
2390,-2952.632411067192,nan,22.0,"(2340.8636363636365, 1265.6363636363637)",0.7270824939377274
2391,-116.61417322834313,nan,49.0,"(2341.469387755102, 1392.3469387755101)",0.46931870856907043
2392,1005.3809523809541,17.79417336757841,27.0,"(2341.296296296296, 161.92592592592592)",0.780440187151951
2393,419.80555555555475,18.742379546047,23.0,"(2342.913043478261, 1724.695652173913)",0.3985281448202647
2394,191.4785992217894,19.59469939574304,11.0,"(2342.5454545454545, 628.2727272727273)",0.8011252047519384
2395,649.6015625,18.268382347870435,22.0,"(2343.3636363636365, 1758.7272727272727)",0.7597722512341528
2396,466.07142857142753,18.6288687991698,25.0,"(2346.24, 864.16)",0.6320672573883256
2397,348.3227091633453,18.945045526151084,29.0,"(2348.310344827586, 309.0344827586207)",0.7060451748254618
2398,-2898.183266932272,nan,27.0,"(2348.1481481481483, 1061.7407407407406)",0.38137759823595296
2399,460.13725490195793,18.642781506908985,30.0,"(2349.4333333333334, 1474.8)",0.6633955924089465
2400,881.2430278884458,17.937260764963217,19.0,"(2351.2105263157896, 1017.8947368421053)",0.5140247524562251
2401,430.69291338582843,18.714580685132333,23.0,"(2353.6521739130435, 322.1304347826087)",0.5642216401787049
2402,-6599.5,nan,18.0,"(2352.6666666666665, 1694.888888888889)",0.8639401318233431
2403,-8176.890196078428,nan,57.0,"(2356.2105263157896, 2228.5087719298244)",0.7599440978689623
2404,2133.442307692312,16.97729774197142,55.0,"(2356.0545454545454, 382.07272727272726)",0.4224376565597266
2405,2801.2598425196775,16.6816165112877,84.0,"(2358.6309523809523, 1200.4761904761904)",0.5394131827869376
2406,3791.677042801559,16.352921652294768,83.0,"(2356.602409638554, 1738.2771084337348)",0.36082925855431036
2407,-3010.324110671936,nan,22.0,"(2357.181818181818, 472.95454545454544)",0.47130572659529857
2408,165.75590551181085,19.7513274742687,12.0,"(2356.3333333333335, 2038.5)",0.645460725553083
2409,208.27237354085628,19.503420833945675,12.0,"(2357.25, 1050.3333333333333)",0.4907192147942729
2410,311.8616600790483,19.065095034088067,18.0,"(2357.9444444444443, 1782.7777777777778)",0.48869530612143974
2411,833.5348837209312,17.997690550206343,30.0,"(2359.233333333333, 1222.4)",0.6202744045472816
2412,1464.5714285714275,17.385723606255127,40.0,"(2361.625, 1992.775)",0.3572843051504538
2413,2701.067193675888,16.721161529646444,66.0,"(2363.787878787879, 436.93939393939394)",0.5043589991747963
2414,1645.767441860473,17.25907883388514,63.0,"(2364.714285714286, 865.2698412698413)",0.6012551735743821
2415,-3274.1384615384613,nan,14.0,"(2361.5714285714284, 967.5)",0.7179870387622211
2416,278.3346303501967,19.188581888635472,13.0,"(2361.769230769231, 1960.3076923076924)",0.8646189876302468
2417,3343.145098039211,16.48961193474483,77.0,"(2366.5454545454545, 1802.6103896103896)",0.4450527521646191
2418,-6193.544000000002,nan,12.0,"(2362.9166666666665, 2290.25)",0.7993548197565918
2419,1822.8372093023281,17.1481302870276,46.0,"(2365.586956521739, 579.5217391304348)",0.4398191952022769
2420,2575.9561752988084,16.772653824736118,134.0,"(2368.3358208955224, 756.044776119403)",0.5154789523959346
2421,5673.56972111552,15.915359009573443,511.0,"(2376.0978473581213, 1535.7358121330724)",0.8513210119133084
2422,179.453125,19.66512243613211,16.0,"(2364.75, 1749.75)",0.736016084106002
2423,2576.972762645906,16.772225429267962,71.0,"(2368.5774647887324, 1041.2676056338028)",0.5869619142635321
2424,2438.2598425196848,16.83230003498195,36.0,"(2369.1388888888887, 20.416666666666668)",0.7130679967548402
2425,1663.125,17.24768777026134,48.0,"(2369.8958333333335, 788.1458333333334)",0.4827032288172295
2426,3617.1796875,16.404074791579923,15.0,"(2368.4, 1290.5333333333333)",0.8091693387749781
2427,616.66932270916,18.324869139431698,27.0,"(2370.222222222222, 1463.148148148148)",0.6559413024336352
2428,1198.6482213438721,17.603270636800953,50.0,"(2371.92, 1491.42)",0.49603374477140544
2429,273120.7058823529,11.709113434476999,629.0,"(2383.8060413354533, 261.1907790143084)",0.44896347955319166
2430,-6206.270588235297,nan,25.0,"(2372.68, 2087.64)",0.6362788384746921
2431,-13133.521235521235,nan,13.0,"(2371.4615384615386, 362.53846153846155)",0.938252118727448
2432,355.03212851405624,18.92433085958057,21.0,"(2372.4761904761904, 606.047619047619)",0.5923212364813782
2433,79042.71428571432,13.055345386794109,525.0,"(2386.0704761904763, 312.4552380952381)",0.4260855575791702
2434,-50811.46692607005,nan,63.0,"(2379.3650793650795, 1386.7142857142858)",0.8427049608674784
2435,470.72440944881964,18.618083201843078,17.0,"(2376.1176470588234, 2140.470588235294)",0.49519005058846133
2436,-562.8352941176418,nan,73.0,"(2379.4931506849316, 118.1917808219178)",0.8184654415862176
2437,452.42857142857065,18.661124941605863,16.0,"(2377.5, 841.3125)",0.6890324313619344
2438,254.40711462450417,19.28617686896867,11.0,"(2377.909090909091, 1905.3636363636363)",0.7410997881529605
2439,-6566.125,nan,16.0,"(2378.75, 739.5)",0.7715167498104596
2440,211.04651162790833,19.489054554678585,10.0,"(2381.9, 372.9)",0.7974069660082093
2441,-2500.274509803916,nan,18.0,"(2382.6666666666665, 776.8333333333334)",0.8554257745483909
2442,4425.0,16.18521681241539,84.0,"(2385.2380952380954, 803.8214285714286)",0.45162255884971675
2443,696.2957198443546,18.193015686101305,33.0,"(2384.939393939394, 640.1212121212121)",0.6239760788312819
2444,3463.0859375,16.451341827927564,89.0,"(2386.5955056179773, 705.4831460674158)",0.423877391890775
2445,788.7751004016063,18.057617018521775,23.0,"(2384.0434782608695, 1023.4782608695652)",0.503578485276415
2446,2454.737051792821,16.824987555259355,78.0,"(2386.974358974359, 2071.423076923077)",0.5650345783682837
2447,613.4883720930229,18.3304841609231,27.0,"(2384.962962962963, 2165.1111111111113)",0.7096588411442826
2448,1062.122047244091,17.734563940247526,47.0,"(2386.2340425531916, 679.8085106382979)",0.6203493108246203
2449,-2550.3921568627484,nan,28.0,"(2386.214285714286, 847.5714285714286)",0.6353685703386253
2450,-5192.692015209126,nan,17.0,"(2384.529411764706, 1426.5294117647059)",0.8642287295944945
2451,804.1384615384613,18.03667291325086,16.0,"(2387.5625, 16.5)",0.7239101988045654
2452,-2833.6941176470573,nan,10.0,"(2387.9, 1503.4)",0.8338893704821946
2453,511.5866141732258,18.52770206874557,26.0,"(2388.346153846154, 1765.576923076923)",0.5197777140567383
2454,-21485.248995983944,nan,75.0,"(2394.9466666666667, 1438.2666666666667)",0.7808234264001843
2455,-2489.755905511789,nan,105.0,"(2393.5333333333333, 2052.2571428571428)",0.8821226961067592
2456,-6428.312741312737,nan,19.0,"(2393.7368421052633, 1937.3684210526317)",0.8841908769825111
2457,878.3294117647056,17.940856435516217,17.0,"(2394.1176470588234, 1411.8235294117646)",0.7577870159752116
2458,5281.396078431368,15.993128153411474,94.0,"(2398.6063829787236, 2161.595744680851)",0.6111740567522765
2459,169.61752988047738,19.726323164146677,9.0,"(2395.1111111111113, 1176.7777777777778)",0.7869526281849774
2460,-1963.0232558139542,nan,46.0,"(2398.108695652174, 1907.0)",0.8548096672616446
2461,-9052.346456692914,nan,8.0,"(2397.375, 2274.625)",0.9536788313141225
2462,1196.0501930501923,17.605626486263404,49.0,"(2400.061224489796, 356.9183673469388)",0.8488838668347776
2463,261.3505976095621,19.256941256246375,17.0,"(2398.235294117647, 1137.1176470588234)",0.3570467696154608
2464,1756.3467741935456,17.1884743314816,37.0,"(2400.2702702702704, 1455.0)",0.784330534366224
2465,3344.448000000004,16.48918888034327,59.0,"(2400.9322033898306, 815.5084745762712)",0.6801303614676919
2466,-86262.25680933852,nan,49.0,"(2404.122448979592, 1722.1020408163265)",0.9184093185360785
2467,-2007.5294117647045,nan,8.0,"(2400.0, 1627.0)",0.7211200002014748
2468,1279.1213235294126,17.53272065279777,8.0,"(2400.0, 1611.0)",0.7071067811865476
2469,-9013.223529411764,nan,27.0,"(2401.222222222222, 1679.2592592592594)",0.8839089233840115
2470,963.5714285714275,17.840290215015838,35.0,"(2403.4857142857145, 614.6285714285714)",0.6445207988804176
2471,-67027.53333333333,nan,232.0,"(2411.6077586206898, 873.3189655172414)",0.8750198238316577
2472,-3276.063492063493,nan,9.0,"(2401.8888888888887, 804.4444444444445)",0.7259747853806563
2473,373.2784313725424,18.869917758954035,47.0,"(2405.404255319149, 1269.8936170212767)",0.774054773982712
2474,-10024.440154440155,nan,9.0,"(2405.4444444444443, 1335.4444444444443)",0.9487476975262691
2475,177.6821705426355,19.675890372853544,10.0,"(2404.7, 2102.7)",0.6164414002968978
2476,-37409.72332015814,nan,203.0,"(2412.1822660098524, 441.8423645320197)",0.8442291120075363
2477,925.0,17.88464566815242,37.0,"(2407.5945945945946, 1221.972972972973)",0.4631180613353007
2478,900.22265625,17.91412515300913,50.0,"(2408.72, 1733.68)",0.6074378754367944
2479,-9960.0,nan,10.0,"(2406.2, 801.8)",0.8775341805279661
2480,451.0199203187258,18.664510690241652,25.0,"(2408.08, 1046.76)",0.36407448987169455
2481,3239.2509803921566,16.523888502792882,108.0,"(2411.685185185185, 404.5833333333333)",0.3824222500937784
2482,1417.3538461538483,17.42130428361217,47.0,"(2412.4893617021276, 1166.5531914893618)",0.6422669824115164
2483,-24728.858267716598,nan,501.0,"(2420.435129740519, 1647.6846307385229)",0.8353355348356852
2484,2782.6046511627937,16.68887123319036,68.0,"(2412.1323529411766, 1806.0441176470588)",0.5869331428139265
2485,892.8287937743153,17.923079530403413,29.0,"(2413.310344827586, 1204.2413793103449)",0.6419570955168753
2486,2911.0311284046766,16.63988287628437,73.0,"(2415.2328767123286, 1373.2739726027398)",0.713985930374813
2487,28771.98443579767,14.152575458256871,236.0,"(2420.5550847457625, 1246.2415254237287)",0.6493361426823834
2488,817.3281853281806,18.01900881075562,45.0,"(2415.9333333333334, 2199.088888888889)",0.5364031896919683
2489,-9365.734939759037,nan,29.0,"(2416.0689655172414, 460.7241379310345)",0.7612231277822987
2490,658.375,18.253816671586158,17.0,"(2414.3529411764707, 888.7647058823529)",0.7745898262712312
2491,-3101.8976377952786,nan,11.0,"(2415.3636363636365, 751.0)",0.749001844419474
2492,409.1395348837177,18.770321382210664,20.0,"(2415.9, 945.9)",0.7468983823784682
2493,-12206.214007782095,nan,39.0,"(2418.769230769231, 1581.3076923076924)",0.8322946723258036
2494,62265.39215686277,13.314383180762038,328.0,"(2425.451219512195, 1985.216463414634)",0.4889654242029967
2495,-221177.11764705885,nan,135.0,"(2423.5481481481484, 654.2888888888889)",0.9291799106874089
2496,503.4730769230773,18.5450593706526,27.0,"(2417.925925925926, 727.1111111111111)",0.5150098139132272
2497,2197.5,16.945177790635476,56.0,"(2419.625, 1401.9464285714287)",0.5402508787436678
2498,3602.392156862741,16.40852252897783,67.0,"(2419.208955223881, 2249.4776119402986)",0.6828898505857939
2499,-16683.88888888889,nan,17.0,"(2417.8823529411766, 1029.2941176470588)",0.895460704150024
2500,-6345.84462151397,nan,325.0,"(2428.7446153846154, 503.84615384615387)",0.8005357922047426
2501,-3247.0625,nan,14.0,"(2420.714285714286, 1850.642857142857)",0.7053006306475536
2502,601.1377952755938,18.3525649145502,29.0,"(2422.8275862068967, 1022.8275862068965)",0.4142952546843422
2503,333.28346456692816,18.992965581926384,21.0,"(2422.7619047619046, 2089.190476190476)",0.40753617234048795
2504,332.5058365758741,18.99550181747777,18.0,"(2423.222222222222, 1500.6666666666667)",0.754651353234497
2505,1248.3759689922445,17.559136500037816,38.0,"(2426.7105263157896, 1724.2631578947369)",0.6154944240091276
2506,234.13385826771628,19.376339445301653,10.0,"(2426.3, 447.5)",0.5851362742807613
2507,391.9921875,18.816806471220865,10.0,"(2426.6, 1577.8)",0.8107539818572471
2508,2316.055999999997,16.88812735999,69.0,"(2433.9565217391305, 607.304347826087)",0.26356173600890503
2509,-2401.9652509652515,nan,19.0,"(2431.0526315789475, 2292.8947368421054)",0.30991802825725673
2510,2930.2283464566863,16.63274633670691,76.0,"(2435.934210526316, 1171.828947368421)",0.5122732686553343
2511,508.75581395348854,18.53372653678295,21.0,"(2434.0, 2022.904761904762)",0.7161327162186512
2512,7128.724409448827,15.66747043606404,121.0,"(2438.4545454545455, 329.8099173553719)",0.46114529536797205
2513,-6401.614785992217,nan,15.0,"(2434.6666666666665, 969.2)",0.9106867241068509
2514,12301.423999999999,15.075111530436844,249.0,"(2441.5502008032126, 1435.0401606425703)",0.23391436834422863
2515,16537.2890625,14.75383920577551,246.0,"(2442.7276422764226, 1928.6504065040651)",0.6842185915912984
2516,-13420.200000000004,nan,17.0,"(2437.0588235294117, 1422.4117647058824)",0.8919504815719763
2517,1826.6297709923674,17.145873670902443,43.0,"(2436.953488372093, 2224.046511627907)",0.6866607537157541
2518,1532.1705426356566,17.336732229050654,35.0,"(2439.1428571428573, 1613.857142857143)",0.585674048494521
2519,1653.3439999999973,17.254091940846553,71.0,"(2443.2676056338028, 501.9154929577465)",0.6371133900576277
2520,2541.232558139527,16.787388972856974,71.0,"(2440.8732394366198, 1723.056338028169)",0.547197504282264
2521,7566.78039215687,15.602722175540462,81.0,"(2442.185185185185, 2257.740740740741)",0.3814877784577934
2522,2255.0395256916963,16.917114603822746,36.0,"(2442.3333333333335, 1257.5277777777778)",0.6694116211377257
2523,205.75,19.516650390289232,15.0,"(2441.4666666666667, 1861.4)",0.7146982481994576
2524,1987.4703557312314,17.054248350940817,67.0,"(2444.2388059701493, 301.82089552238807)",0.35630892428954264
2525,365.60784313725526,18.89246124053278,20.0,"(2442.45, 802.4)",0.6632220516573943
2526,97931.69841269846,12.822691783834177,642.0,"(2456.495327102804, 980.316199376947)",0.787707630764017
2527,-9826.155642023346,nan,9.0,"(2441.3333333333335, 1001.7777777777778)",0.9600929752049847
2528,5035.28125,16.04494066634507,101.0,"(2446.2475247524753, 1598.5049504950496)",0.3562695436327982
2529,-3147.543307086613,nan,18.0,"(2443.3333333333335, 993.1111111111111)",0.8064104071556343
2530,600.0239043824695,18.35457861848005,31.0,"(2443.064516129032, 2057.5806451612902)",0.6728665881972388
2531,783.0980392156853,18.06545965863221,35.0,"(2445.714285714286, 407.4)",0.754738523535214
2532,2154.777777777781,16.966493779954444,61.0,"(2445.2131147540986, 575.9016393442623)",0.55996242938304
2533,-37.05533596837995,nan,9.0,"(2442.5555555555557, 1884.3333333333333)",0.8454609500477417
2534,14807.913385826803,14.873765336287445,193.0,"(2454.1502590673576, 1904.1658031088082)",0.7416204532356356
2535,622.4863813229567,18.31467536391787,22.0,"(2444.909090909091, 2159.1363636363635)",0.5674435105706161
2536,1471.77689243028,17.380395049945637,28.0,"(2445.214285714286, 475.89285714285717)",0.8001840566746418
2537,1018.186046511626,17.78043214735819,19.0,"(2445.2105263157896, 1385.6842105263158)",0.8572531530493012
2538,259003.8656126482,11.766734385147121,686.0,"(2460.212827988338, 900.9752186588921)",0.6180687681960031
2539,1478.7846153846185,17.37523769070365,60.0,"(2448.483333333333, 1503.45)",0.5225215379748326
2540,-3206.14453125,nan,16.0,"(2447.875, 439.9375)",0.7389385073661091
2541,1553.4103585657358,17.321784507943185,55.0,"(2448.8, 813.1454545454545)",0.42392810095099315
2542,1393.1007751937977,17.44004366527974,16.0,"(2446.4375, 1703.75)",0.7998910330494148
2543,1492.8577075098729,17.364953963253217,91.0,"(2452.1428571428573, 619.3076923076923)",0.2983779344267379
2544,1254.1023622047214,17.554167535305616,49.0,"(2451.5714285714284, 2002.3469387755101)",0.5853515066305434
2545,54835.503999999986,13.452345401301656,261.0,"(2457.0268199233715, 1879.5555555555557)",0.4535614993910792
2546,-6184.984375,nan,13.0,"(2451.230769230769, 1366.5384615384614)",0.6532878565917547
2547,624.2325581395344,18.311633958883586,22.0,"(2453.590909090909, 2081.7727272727275)",0.7499313140220026
2548,-30839.230158730177,nan,132.0,"(2458.068181818182, 2125.590909090909)",0.8810784559671009
2549,846.1792828685284,17.98134402942513,34.0,"(2455.8823529411766, 1616.764705882353)",0.4908033992297917
2550,18836.136,14.612520456351014,236.0,"(2463.2754237288136, 1277.050847457627)",0.8237279585818783
2551,-9702.083333333336,nan,8.0,"(2456.125, 365.75)",0.918444254655195
2552,-6159.729411764703,nan,17.0,"(2456.529411764706, 1492.2941176470588)",0.8553271405924218
2553,1902.1359999999986,17.10189608713743,66.0,"(2459.9545454545455, 1944.3030303030303)",0.5232099909545408
2554,70.76190476190459,20.67550121327341,8.0,"(2456.375, 2112.0)",0.5153882032022076
2555,-3026.5476190476184,nan,15.0,"(2457.5333333333333, 1028.9333333333334)",0.6187163064389781
2556,921.3579766537005,17.888928999753627,35.0,"(2460.285714285714, 2202.6857142857143)",0.5367585616090198
2557,-3145.1042471042456,nan,8.0,"(2461.25, 141.625)",0.8599219148885188
2558,-9643.560000000056,nan,511.0,"(2471.0352250489236, 1590.4422700587083)",0.8250660382274347
2559,213.35384615384646,19.47724880914624,14.0,"(2462.5714285714284, 1815.5)",0.5668282410081202
2560,415.3709677419356,18.753909654132176,14.0,"(2463.714285714286, 743.0)",0.7861580187203344
2561,2707.574803149604,16.718548840314927,74.0,"(2467.4189189189187, 686.6081081081081)",0.5682917178680522
2562,842.4743083003959,17.98610833573651,32.0,"(2466.9375, 833.1875)",0.45206903680984456
2563,-3132.916996047432,nan,11.0,"(2465.6363636363635, 844.0909090909091)",0.6782020831819646
2564,3722.969230769231,16.372776382702984,81.0,"(2470.864197530864, 1494.0123456790122)",0.3910009006939223
2565,-13373.9609375,nan,60.0,"(2471.6833333333334, 365.3333333333333)",0.8870350674141665
2566,-16744.474103585657,nan,17.0,"(2472.0588235294117, 1977.4705882352941)",0.8569880785396927
2567,14482.302788844623,14.897905941864202,210.0,"(2479.2380952380954, 617.0857142857143)",0.6543792124691076
2568,-9259.301960784316,nan,25.0,"(2473.32, 1199.84)",0.7592629415500157
2569,327.3426294820747,19.01249358325255,19.0,"(2473.684210526316, 1851.0526315789473)",0.37455850359678605
2570,-2852.2578125,nan,26.0,"(2476.230769230769, 462.7307692307692)",0.668734560291834
2571,1683.6653543307111,17.23436056179697,54.0,"(2477.8518518518517, 804.6481481481482)",0.5332577889001441
2572,983.0833333333285,17.818524166577177,51.0,"(2477.705882352941, 43.07843137254902)",0.7348767794924931
2573,748.84375,18.11402197641827,25.0,"(2478.12, 1657.84)",0.3276704452529429
2574,46161.37450199203,13.639303170246976,110.0,"(2483.1181818181817, 1289.2272727272727)",0.7090431590627556
2575,-3303.07335907336,nan,8.0,"(2477.625, 1456.75)",0.7614164915114531
2576,2168.8616600790483,16.959420370979217,48.0,"(2481.2708333333335, 953.8541666666666)",0.6549924679968563
2577,-2916.1338582677163,nan,15.0,"(2480.4666666666667, 1205.7333333333333)",0.4918749455522821
2578,12876.615686274512,15.025495665015963,122.0,"(2487.1393442622953, 20.475409836065573)",0.7013013554973461
2579,5915.007874015748,15.870111682264973,98.0,"(2485.204081632653, 478.05102040816325)",0.502339420965292
2580,2132.450592885376,16.97780255571859,40.0,"(2483.45, 1132.125)",0.43217127343709166
2581,-33427.05147058823,nan,16.0,"(2485.3125, 0.6875)",0.9566191059909244
2582,934.0517928286863,17.87407260408198,33.0,"(2485.212121212121, 145.0909090909091)",0.7175781653367959
2583,921.0823529411791,17.88925384571037,17.0,"(2483.5882352941176, 785.4117647058823)",0.7101181633674242
2584,3132.3464566929106,16.560325520822822,41.0,"(2487.1951219512193, 52.048780487804876)",0.6482298121077172
2585,-6476.7027027027,nan,13.0,"(2485.769230769231, 538.3846153846154)",0.8276323786539834
2586,1991.13385826772,17.052248856520006,42.0,"(2489.7619047619046, 1467.1904761904761)",0.6529370776095351
2587,1014.1666666666642,17.7847266695439,44.0,"(2489.2045454545455, 1744.6818181818182)",0.37335430494279104
2588,250.90399999999863,19.301231037386255,17.0,"(2486.9411764705883, 1891.5882352941176)",0.7457707441063041
2589,2388.3647058823553,16.854748388100322,27.0,"(2489.777777777778, 1561.1851851851852)",0.6749587720143243
2590,5083.3333333333285,16.034628527592147,92.0,"(2493.6304347826085, 963.054347826087)",0.5305077545793868
2591,-5877.466926070039,nan,22.0,"(2490.5454545454545, 1137.409090909091)",0.579681447207728
2592,-6575.129032258061,nan,17.0,"(2491.294117647059, 1832.0)",0.8271202954614387
2593,410.9367588932837,18.765562521811965,27.0,"(2491.6296296296296, 1862.851851851852)",0.583106520848201
2594,875.6653696498033,17.944154563002094,40.0,"(2491.775, 1963.6)",0.2625574665176974
2595,-3922.1811023621995,nan,72.0,"(2492.8333333333335, 1041.8194444444443)",0.7651713172793132
2596,-1762.7647058823568,nan,29.0,"(2491.655172413793, 1409.8275862068965)",0.6385465779504629
2597,3972.9849056603707,16.302207712330674,95.0,"(2493.9578947368423, 2085.9894736842107)",0.47104062659322526
2598,1924.627906976748,17.089133053137807,55.0,"(2494.090909090909, 1787.8727272727272)",0.6586212707647251
2599,121.70270270270339,20.08674944276015,11.0,"(2492.5454545454545, 2150.5454545454545)",0.8418723975957206
2600,15528.09375,14.822204638957665,248.0,"(2499.467741935484, 439.78225806451616)",0.6644961555746669
2601,430.1692913385814,18.71590148997496,20.0,"(2493.15, 723.85)",0.7505017001730631
2602,-3210.131474103586,nan,12.0,"(2492.9166666666665, 1934.6666666666667)",0.8577611087183823
2603,-6468.25882352941,nan,14.0,"(2494.214285714286, 942.4285714285714)",0.8799103021530409
2604,-2709.363636363636,nan,12.0,"(2494.5833333333335, 299.9166666666667)",0.7542985553610388
2605,665.7529411764699,18.241717265625148,17.0,"(2494.5882352941176, 771.2941176470588)",0.6884101735260045
2606,3439.515873015873,16.458756704962248,81.0,"(2498.5925925925926, 1350.0740740740741)",0.585969653182528
2607,1536.6771653543328,17.33354340547274,41.0,"(2496.829268292683, 1575.4634146341464)",0.6342499926064158
2608,355.28685258964106,18.923552158263846,21.0,"(2497.0476190476193, 1707.7142857142858)",0.684537962060553
2609,12667.23076923078,15.043295793709273,166.0,"(2503.4337349397592, 1910.4698795180723)",0.6982581194773271
2610,-3123.320158102766,nan,11.0,"(2499.090909090909, 623.8181818181819)",0.35551351848814067
2611,-2935.3803921568615,nan,23.0,"(2501.7391304347825, 243.34782608695653)",0.5533389666979589
2612,-37743.296875,nan,69.0,"(2506.3478260869565, 1730.2898550724638)",0.9115420308190609
2613,54535.28030303039,13.458306125788127,468.0,"(2511.0299145299145, 2152.014957264957)",0.8733131292426702
2614,-56395.25968992247,nan,61.0,"(2506.1311475409834, 484.8688524590164)",0.8296115882485501
2615,-5619.9375,nan,28.0,"(2503.8214285714284, 939.6428571428571)",0.5481721342514154
2616,2129.0705882352922,16.979524848784564,38.0,"(2506.842105263158, 1210.3157894736842)",0.7737796937457354
2617,-9602.517647058834,nan,37.0,"(2507.162162162162, 1890.918918918919)",0.8045220344932212
2618,3210.464000000007,16.53358048902142,55.0,"(2509.0, 2272.4545454545455)",0.6655063818390943
2619,1814.789682539682,17.152934246135757,56.0,"(2510.375, 557.0357142857143)",0.6343571335276716
2620,-28083.015625,nan,20.0,"(2509.1, 1170.85)",0.8131143401571985
2621,265.9130434782601,19.23815089819328,13.0,"(2507.4615384615386, 1783.076923076923)",0.7331200400034196
2622,3963.5511811023607,16.304788823538434,83.0,"(2511.855421686747, 2070.6987951807228)",0.5606943863012135
2623,702.1764705882379,18.183884318780557,24.0,"(2509.375, 586.1666666666666)",0.676979041132181
2624,4459.9302325581375,16.176679837441625,67.0,"(2512.716417910448, 30.70149253731343)",0.6470091636063785
2625,-9292.094488188977,nan,8.0,"(2510.625, 1583.375)",0.9664022173865874
2626,1096.98418972332,17.69949907911564,47.0,"(2513.340425531915, 1743.063829787234)",0.6764901469484522
2627,-2130.5,nan,22.0,"(2513.5, 714.2272727272727)",0.7244301443691163
2628,-23373.635294117645,nan,93.0,"(2516.3763440860216, 1084.3118279569892)",0.8695230163359903
2629,526.2790697674427,18.496959754062143,24.0,"(2515.5, 358.4166666666667)",0.6601366718035033
2630,64221.36434108531,13.280801180919788,519.0,"(2526.722543352601, 389.3102119460501)",0.812334689686984
2631,-33094.89883268485,nan,802.0,"(2536.755610972569, 659.5922693266833)",0.8008431363288262
2632,9743.515625,15.328210785150944,138.0,"(2520.789855072464, 1161.2753623188405)",0.35708047417479716
2633,98686.4375,12.814356321052163,783.0,"(2529.137931034483, 1209.9016602809706)",0.5110177506917128
2634,-5689.684824902724,nan,40.0,"(2518.7, 2102.675)",0.8243236223125162
2635,-3193.5920000000006,nan,8.0,"(2516.0, 452.25)",0.8416254115301731
2636,3623.0551181102346,16.402312647311504,118.0,"(2522.6525423728813, 864.1525423728814)",0.3641201370939955
2637,-9808.745098039217,nan,22.0,"(2520.7727272727275, 2050.4545454545455)",0.76911381725438
2638,-3136.1899224806184,nan,10.0,"(2522.0, 950.1)",0.7457576638847141
2639,-2791.09486166008,nan,20.0,"(2522.45, 1452.1)",0.6596446418959241
2640,91354.22178988322,12.898178444049456,876.0,"(2537.6130136986303, 697.189497716895)",0.738170141548194
2641,70366.3464566929,13.18158749428349,369.0,"(2532.891598915989, 1133.3577235772357)",0.7847922445824633
2642,646.2558139534885,18.273988842021367,21.0,"(2525.8571428571427, 789.1428571428571)",0.7855792733661668
2643,1086.54054054054,17.709885162073363,34.0,"(2527.9411764705883, 1189.1176470588234)",0.4885877033831198
2644,-5998.896414342631,nan,17.0,"(2527.470588235294, 1573.0588235294117)",0.7294427561676637
2645,-2100.166666666668,nan,8.0,"(2526.625, 1073.0)",0.8228507357554791
2646,-3156.405405405407,nan,13.0,"(2528.769230769231, 1732.3846153846155)",0.596393436579692
2647,6116.1428571428405,15.83380594788758,138.0,"(2533.8840579710145, 474.5)",0.5990422271315109
2648,1110.4609375,17.686241784879215,39.0,"(2529.769230769231, 618.4615384615385)",0.6726364469128283
2649,2377.619047619053,16.859644321697022,34.0,"(2530.176470588235, 1349.1764705882354)",0.4997393919810733
2650,-5763.05078125,nan,52.0,"(2530.846153846154, 2144.0576923076924)",0.8235208823177301
2651,-3134.276679841898,nan,8.0,"(2529.125, 1035.625)",0.814408723240853
2652,2040.5538461538454,17.025629851431702,32.0,"(2533.4375, 727.46875)",0.6353378508569223
2653,4143.304347826081,16.256632910703825,61.0,"(2534.3278688524592, 1267.4918032786886)",0.7026557206730906
2654,9847.17898832685,15.316720420018974,125.0,"(2536.824, 1378.624)",0.48517443072030575
2655,1834.1484375,17.14141379955691,75.0,"(2535.32, 1642.8133333333333)",0.6412344012368125
2656,1796.7265625,17.16379502903223,47.0,"(2534.2340425531916, 2125.5106382978724)",0.6409780566684681
2657,1785.2868525896338,17.170729983210173,303.0,"(2544.204620462046, 1809.9174917491748)",0.8421960937635644
2658,494.38888888888687,18.564828245832025,18.0,"(2534.9444444444443, 1494.2777777777778)",0.7403798940885207
2659,-6631.138888888887,nan,8.0,"(2534.75, 504.125)",0.956294331260295
2660,946.7450980392168,17.85941733711813,44.0,"(2538.5227272727275, 2111.8636363636365)",0.3746405100519408
2661,-54231.578313253005,nan,86.0,"(2546.5232558139537, 729.953488372093)",0.8913435955383958
2662,-3089.7154150197675,nan,25.0,"(2539.92, 941.6)",0.7298152252961688
2663,2648.8588235294155,16.74235296929656,37.0,"(2540.837837837838, 1425.2972972972973)",0.7970871856236739
2664,1551.2857142857174,17.323270517216248,43.0,"(2543.6279069767443, 168.0)",0.6735254619990012
2665,-39224.614285714284,nan,40.0,"(2547.875, 1.325)",0.9388019665313557
2666,1125.9838709677351,17.671169576109286,60.0,"(2544.7166666666667, 503.01666666666665)",0.522260542269513
2667,170210.72440944868,12.222532699860164,1203.0,"(2565.8354114713215, 1001.5270157938487)",0.6337447688602629
2668,-692.2471042471007,nan,32.0,"(2545.75, 1449.625)",0.6153530890890474
2669,-4011.9444444444453,nan,39.0,"(2546.102564102564, 1523.4358974358975)",0.44112097614615714
2670,-8445.611764705885,nan,22.0,"(2545.1363636363635, 1399.6818181818182)",0.7939921282550022
2671,5081.364705882355,16.035049083149367,122.0,"(2549.1721311475408, 1938.1639344262296)",0.5185384559632101
2672,-2737.9199999999983,nan,14.0,"(2547.785714285714, 1288.0)",0.816509152648909
2673,318.98443579766536,19.040576267373453,9.0,"(2549.3333333333335, 607.2222222222222)",0.6193146329215059
2674,523.6567164179105,18.502383304589983,8.0,"(2548.5, 791.5)",0.0
2675,-9151.35546875,nan,20.0,"(2549.3, 1613.2)",0.6999286015400837
2676,546.4724409448827,18.456079337475796,26.0,"(2551.1923076923076, 1732.5)",0.7959506503579127
2677,2578.6349206349187,16.771525350720452,35.0,"(2553.114285714286, 1226.7142857142858)",0.352358849042003
2678,3777.5,16.35698881747234,108.0,"(2556.8611111111113, 552.6666666666666)",0.1463145296036012
2679,3151.1181102362316,16.5538382957285,74.0,"(2556.5405405405404, 1782.081081081081)",0.6442840419481821
2680,128894.85658914724,12.52441103088955,416.0,"(2565.8798076923076, 1180.0096153846155)",0.2992978852956269
2681,-6650.755905511811,nan,10.0,"(2556.5, 363.8)",0.8821788200284488
2682,-2780.631372549018,nan,21.0,"(2556.6666666666665, 522.6190476190476)",0.7875869391224757
2683,1280.234375,17.53177628984247,27.0,"(2557.740740740741, 2045.3333333333333)",0.6532055987750857
2684,189.54117647058774,19.605741070158324,10.0,"(2556.6, 2106.9)",0.5990326936801466
2685,4715.988636363632,16.116068125126912,51.0,"(2560.0196078431372, 924.0)",0.5480926832081486
2686,-3049.751968503937,nan,21.0,"(2558.190476190476, 1875.1904761904761)",0.7719039741788611
2687,2935.9055118110264,16.630644814294048,72.0,"(2561.527777777778, 303.75)",0.5870608230791217
2688,2278.2173913043516,16.90601209293896,55.0,"(2560.672727272727, 620.4727272727273)",0.7306307323776352
2689,-2437.418604651164,nan,23.0,"(2558.8695652173915, 892.8695652173913)",0.7443455878303935
2690,-6857.654135338351,nan,52.0,"(2561.0, 1029.9615384615386)",0.8237496948020995
2691,308.3003952569161,19.07756479621335,11.0,"(2558.909090909091, 2025.5454545454545)",0.8037264208492264
2692,2186.4285714285725,16.95066176520226,37.0,"(2562.0810810810813, 1528.8108108108108)",0.6886350895681609
2693,32824.95999999999,14.009489486157127,213.0,"(2567.4882629107983, 1736.0657276995305)",0.4680646514893688
2694,6590.937007874018,15.752632097649473,109.0,"(2566.8440366972477, 1542.7064220183486)",0.39649017355253113
2695,4933.177865612655,16.067183064445434,90.0,"(2565.188888888889, 483.0444444444444)",0.714775006091455
2696,68810.31075697206,13.205866202036635,341.0,"(2577.9560117302053, 56.24340175953079)",0.7539769559625349
2697,-336.9566929133871,nan,27.0,"(2568.814814814815, 1045.148148148148)",0.5174998638180516
2698,225.84980237154377,19.415450712822725,11.0,"(2568.090909090909, 434.6363636363636)",0.7376502707905419
2699,3114.1872509960085,16.566638193911267,63.0,"(2569.7936507936506, 2093.095238095238)",0.22340359786433656
2700,16679.78571428574,14.744523832642141,271.0,"(2576.6236162361624, 572.9446494464945)",0.63743092425506
2701,-3135.6349206349187,nan,8.0,"(2569.125, 664.25)",0.7290984669486094
2702,710.8503937007845,18.170554479282792,36.0,"(2569.527777777778, 1233.75)",0.7021824754430017
2703,1194.5357142857138,17.607002152907192,20.0,"(2571.05, 1511.65)",0.7759945873700478
2704,740.3241106719397,18.126445266010705,28.0,"(2573.714285714286, 1867.892857142857)",0.4718945713936974
2705,-591.6880000000019,nan,22.0,"(2574.0, 715.4545454545455)",0.7977543128982828
2706,17812.181818181823,14.673207201122686,133.0,"(2580.1127819548874, 1410.187969924812)",0.6129069021335621
2707,2475.5936254980043,16.815801610648705,68.0,"(2578.764705882353, 757.0735294117648)",0.5413527106791394
2708,-20924.286274509795,nan,89.0,"(2578.752808988764, 1614.4719101123596)",0.8832176440319928
2709,2875.7479999999996,16.653122933939574,63.0,"(2580.936507936508, 1136.4920634920634)",0.3378658282467276
2710,-2846.6521739130476,nan,28.0,"(2580.3571428571427, 483.4642857142857)",0.4503473491924941
2711,1479.9133858267742,17.374409254009624,34.0,"(2579.235294117647, 1224.235294117647)",0.7942639659000185
2712,-2222.9920634920636,nan,29.0,"(2579.655172413793, 1330.9655172413793)",0.2981435994968126
2713,219.24803149606305,19.447660743071687,12.0,"(2578.1666666666665, 1854.9166666666667)",0.6673823562652268
2714,29754.830708661408,14.116106290821387,245.0,"(2586.8204081632653, 2092.987755102041)",0.693864257019047
2715,982.6023622047287,17.819055490358362,40.0,"(2582.8, 2189.175)",0.5290316296337543
2716,-59129.30434782608,nan,52.0,"(2584.923076923077, 706.6346153846154)",0.833215891996251
2717,218.09411764705874,19.453390119729022,10.0,"(2582.1, 1960.4)",0.8612689656622491
2718,874.1428571428551,17.946043967044023,42.0,"(2585.6190476190477, 224.95238095238096)",0.5291114869889726
2719,1511.8928571428587,17.351197461902444,35.0,"(2587.885714285714, 392.74285714285713)",0.21790368846810704
2720,704.0389105058348,18.18100834450626,27.0,"(2589.222222222222, 195.40740740740742)",0.7459793360053318
2721,-2422.37109375,nan,14.0,"(2587.6428571428573, 716.7142857142857)",0.7861531037746029
2722,9535.894117647083,15.351596449477533,123.0,"(2593.6666666666665, 1593.4552845528456)",0.7035488244384958
2723,-1430.9322709163243,nan,45.0,"(2591.088888888889, 1828.2222222222222)",0.8075513910166622
2724,-2600.407114624504,nan,17.0,"(2591.529411764706, 1107.6470588235295)",0.792079272473856
2725,2162.0952380952367,16.96281294932836,41.0,"(2593.682926829268, 1048.9756097560976)",0.6316381490757784
2726,7508.984790874529,15.611046938290007,83.0,"(2595.9518072289156, 1146.012048192771)",0.400612205004343
2727,3513.165354330704,16.435753521916638,85.0,"(2594.5882352941176, 2033.3882352941177)",0.3572124285501834
2728,-5685.151750972771,nan,47.0,"(2595.7021276595747, 1728.3191489361702)",0.7063967715023645
2729,5070.887159533071,16.03729013382425,56.0,"(2595.25, 2269.3035714285716)",0.6228387481307254
2730,-1750.7322834645747,nan,48.0,"(2596.1458333333335, 1274.6875)",0.8161484539400721
2731,-679.8661417322874,nan,25.0,"(2595.36, 1454.0)",0.8147581948027047
2732,2562.519230769234,16.77833216675694,57.0,"(2597.5789473684213, 1635.4736842105262)",0.60304747453994
2733,10504.591999999997,15.24655202749054,48.0,"(2598.0625, 797.2708333333334)",0.5214840727579868
2734,1472.5217391304395,17.379845712294937,35.0,"(2596.3142857142857, 2074.114285714286)",0.5887953743305426
2735,-2916.996183206109,nan,17.0,"(2597.0588235294117, 1668.0)",0.7346335359476325
2736,3679.751968503937,16.38545363425395,54.0,"(2600.037037037037, 1545.8333333333333)",0.42924130156059287
2737,3721.722891566271,16.373139915697088,39.0,"(2601.7179487179487, 939.0769230769231)",0.7629785483735803
2738,-3929.385826771657,nan,24.0,"(2603.5, 1487.3333333333333)",0.8099635624251726
2739,24765.85714285716,14.315366591375106,156.0,"(2612.2628205128203, 1236.8846153846155)",0.7294221594679042
2740,7581.679999999993,15.60058637447952,121.0,"(2609.7272727272725, 1869.0826446280992)",0.4840983263619444
2741,13839.080000000016,14.947231950313004,157.0,"(2610.4012738853503, 1844.063694267516)",0.46356740532921575
2742,807.728682170542,18.03183623798911,37.0,"(2608.2972972972975, 694.7027027027027)",0.6308568637868017
2743,-36288.8078431373,nan,144.0,"(2612.6180555555557, 2056.4861111111113)",0.8435461555391454
2744,-2691.5490196078463,nan,19.0,"(2608.5263157894738, 98.73684210526316)",0.7173469193999253
2745,2226.28125,16.93104992838682,46.0,"(2609.4347826086955, 1100.2826086956522)",0.4867604528346602
2746,8141.024193548379,15.523302386540564,94.0,"(2614.5, 1583.0425531914893)",0.5511958264059731
2747,-254488.59999999986,nan,1358.0,"(2630.860088365243, 1810.5058910162004)",0.6442037460509469
2748,-4993.086614173233,nan,45.0,"(2611.6222222222223, 1164.3777777777777)",0.6843797032368101
2749,1415.328125,17.422857157669192,33.0,"(2613.3030303030305, 359.1818181818182)",0.24281861719953618
2750,6345.804780876497,15.793783231113832,95.0,"(2616.073684210526, 1602.4842105263158)",0.2273970232034091
2751,2802.2346153846156,16.681238766218257,43.0,"(2616.0, 524.8604651162791)",0.658385893214569
2752,161.28793774319092,19.780995277551394,12.0,"(2614.75, 2013.4166666666667)",0.6461621652955032
2753,-5571.023809523809,nan,9.0,"(2615.222222222222, 1477.2222222222222)",0.8790480635268152
2754,-13083.307086614172,nan,14.0,"(2616.5, 1364.2857142857142)",0.9585392111840161
2755,-6263.0697674418625,nan,10.0,"(2616.3, 1681.3)",0.8442380494107158
2756,415.04878048780665,18.754752144655356,8.0,"(2618.0, 664.5)",0.9325316965091067
2757,19184.342629482097,14.592632694354126,206.0,"(2623.0582524271845, 940.3009708737864)",0.5546621029134954
2758,5983.220472440946,15.857662484454147,48.0,"(2621.1666666666665, 1186.4375)",0.5989339290887307
2759,-32368.74117647059,nan,90.0,"(2622.1555555555556, 1648.6666666666667)",0.8907348650526754
2760,2558.2923076923034,16.780124587519623,59.0,"(2620.898305084746, 549.9322033898305)",0.6520270078622162
2761,129745.85714285728,12.517266251304179,930.0,"(2644.648387096774, 483.01935483870966)",0.7330862080421187
2762,-1843.2598425196848,nan,8.0,"(2619.625, 1253.625)",0.7186481753026731
2763,2200.5019607843133,16.943695600293573,14.0,"(2620.785714285714, 1456.4285714285713)",0.8739652789025016
2764,3996.222222222219,16.295875923736855,94.0,"(2624.372340425532, 597.5106382978723)",0.3156450937486634
2765,1373.952941176467,17.455070354758455,24.0,"(2621.2916666666665, 1016.4583333333334)",0.7910187372474624
2766,-12140.151162790695,nan,10.0,"(2621.9, 2251.1)",0.9039103283286475
2767,45593.82677165355,13.652734887883687,316.0,"(2634.8765822784812, 109.59810126582279)",0.812008460654621
2768,476.99203187250896,18.603722189415983,22.0,"(2623.0454545454545, 2095.2272727272725)",0.6417929522134254
2769,571.9534883720935,18.406598217198603,12.0,"(2624.5, 21.416666666666668)",0.8227884689911095
2770,-3740.5555555555547,nan,29.0,"(2624.310344827586, 531.1034482758621)",0.750636665203667
2771,-17076.058823529413,nan,13.0,"(2623.3846153846152, 1125.6923076923076)",0.8954177968293677
2772,-2656.796875,nan,13.0,"(2624.846153846154, 52.07692307692308)",0.6387697205197213
2773,13492.98449612403,14.974729946642988,116.0,"(2630.387931034483, 1007.7327586206897)",0.6516132800576402
2774,-1014.38671875,nan,15.0,"(2627.5333333333333, 1160.4)",0.6829017935100183
2775,2122.311284046693,16.98297729209863,42.0,"(2629.2619047619046, 1706.2380952380952)",0.40930501843221884
2776,2185.5873015873003,16.951079603180183,49.0,"(2629.3469387755104, 1844.9591836734694)",0.5119746441227815
2777,-26353.874015748035,nan,37.0,"(2630.108108108108, 419.4054054054054)",0.8756682693555604
2778,-10400.350194552528,nan,9.0,"(2627.777777777778, 1232.3333333333333)",0.9199014423280613
2779,8553.566929133856,15.469631855109363,52.0,"(2630.3846153846152, 1442.5)",0.7982867738579634
2780,-3247.583333333332,nan,10.0,"(2630.0, 1353.2)",0.6516723643044574
2781,-5330.134615384617,nan,11.0,"(2630.909090909091, 1240.090909090909)",0.9001345139891427
2782,1168.0,17.63139289305905,45.0,"(2632.9777777777776, 1331.5333333333333)",0.8433422455855545
2783,-6250.736434108527,nan,9.0,"(2632.1111111111113, 643.0)",0.9131021361298827
2784,-40865.90551181103,nan,112.0,"(2639.1964285714284, 975.5535714285714)",0.8511299791215962
2785,-3298.418972332016,nan,14.0,"(2633.8571428571427, 1207.5714285714287)",0.6976795349532915
2786,-5943.652173913044,nan,11.0,"(2632.909090909091, 1401.1818181818182)",0.9084657518268975
2787,3543.578125,16.426394969847966,59.0,"(2635.7118644067796, 29.35593220338983)",0.5095898142273613
2788,-15324.286852589634,nan,38.0,"(2635.0526315789475, 354.6578947368421)",0.902575391406802
2789,535.0717131474121,18.478970019072985,24.0,"(2634.125, 651.2083333333334)",0.573912552037202
2790,-1139.212355212354,nan,8.0,"(2633.25, 1246.625)",0.9211188225874128
2791,335.82470119521895,18.984718407494313,23.0,"(2634.8695652173915, 1906.2173913043478)",0.6015882383213906
2792,4176.3622047244135,16.24800460793374,51.0,"(2637.2156862745096, 161.76470588235293)",0.49325892337932237
2793,1661.2421875,17.24891762111794,60.0,"(2639.1666666666665, 521.5)",0.5519346371378009
2794,28214.0153846154,14.17383775294876,185.0,"(2642.9945945945947, 1153.8648648648648)",0.39254138767535723
2795,12417.27272727272,15.064934450325934,96.0,"(2641.3958333333335, 1121.0833333333333)",0.4678811306095263
2796,-2288.9019607843074,nan,34.0,"(2638.176470588235, 1283.1176470588234)",0.7013009393937829
2797,783.288461538461,18.065195677282844,35.0,"(2639.9142857142856, 1203.0857142857142)",0.5238066974632686
2798,-13805.992094861656,nan,14.0,"(2638.8571428571427, 1427.642857142857)",0.9340083501419595
2799,2074.9360000000015,17.00748823566345,14.0,"(2639.0, 1484.5714285714287)",0.6519647709573951
2800,321.2824427480882,19.032782517166666,43.0,"(2643.046511627907, 1332.0232558139535)",0.6843752771803441
2801,-3144.73046875,nan,10.0,"(2640.4, 1386.8)",0.9243113761655986
2802,-6376.55859375,nan,22.0,"(2641.3636363636365, 1512.2727272727273)",0.7239575800030225
2803,2908.9294117647078,16.640667043094986,76.0,"(2643.6710526315787, 1694.1447368421052)",0.41397304088154735
2804,9305.650793650799,15.378133122370638,146.0,"(2646.6917808219177, 1970.9178082191781)",0.41183359300748446
2805,2792.438735177864,16.68504086582279,33.0,"(2642.5757575757575, 66.9090909090909)",0.6879913855486557
2806,359.03571428571377,18.912155871968217,25.0,"(2643.12, 314.44)",0.6713758304712513
2807,-2927.5515873015393,nan,298.0,"(2651.268456375839, 1186.8926174496644)",0.5168630380066138
2808,-4917.8046875,nan,32.0,"(2643.6875, 1671.8125)",0.8374896350934075
2809,563.411067193676,18.422936565837734,13.0,"(2642.846153846154, 446.38461538461536)",0.553221165840714
2810,-2483.1176470588252,nan,26.0,"(2644.3846153846152, 933.3076923076923)",0.853120247491361
2811,936.328125,17.871429828195488,32.0,"(2644.53125, 323.21875)",0.6711505837929507
2812,-2061.876447876446,nan,8.0,"(2643.625, 1283.75)",0.8612197160370618
2813,3588.7211155378463,16.412650724944974,63.0,"(2648.063492063492, 509.3809523809524)",0.663869812261504
2814,226.23255813953438,19.41361223412732,33.0,"(2646.3333333333335, 1430.2424242424242)",0.8511014071486945
2815,1124.3622047244062,17.672734403916188,42.0,"(2647.8333333333335, 1766.547619047619)",0.5139341711761038
2816,-12231.9140625,nan,13.0,"(2647.3076923076924, 999.3076923076923)",0.8688221988488638
2817,766.09375,18.089295201844273,14.0,"(2647.9285714285716, 344.14285714285717)",0.715315422801631
2818,81.1653543307084,20.526573277692727,8.0,"(2647.5, 432.125)",0.6746451779882773
2819,415.58365758754917,18.75335384744004,9.0,"(2647.222222222222, 456.6666666666667)",0.6193146329215059
2820,-3845.142292490127,nan,50.0,"(2649.24, 1210.82)",0.7484570136154767
2821,-82710.7244094488,nan,61.0,"(2656.4918032786886, 1164.8196721311476)",0.9049656266939059
2822,6201.813492063491,15.818703246240604,62.0,"(2654.6612903225805, 1076.967741935484)",0.6224717701943803
2823,-2196.6190476190477,nan,10.0,"(2651.2, 1124.0)",0.6786475410243877
2824,-35296.77777777775,nan,364.0,"(2672.1236263736264, 1373.5631868131868)",0.8048314983145212
2825,577.041984732823,18.39698146765468,27.0,"(2651.962962962963, 2001.0740740740741)",0.6892642477997252
2826,46320.08799999999,13.63557656049224,259.0,"(2661.0810810810813, 192.27027027027026)",0.5136059607556084
2827,15359.405511811026,14.834063983537385,72.0,"(2656.5416666666665, 1255.2777777777778)",0.45779384936661566
2828,-1485.9457364341088,nan,10.0,"(2653.7, 1274.7)",0.4649763539762333
2829,73544.92125984258,13.133618281677677,519.0,"(2665.728323699422, 989.8323699421966)",0.5663934803606915
2830,-8357.328125,nan,29.0,"(2656.7241379310344, 1426.344827586207)",0.7496933748296151
2831,-10016.10546875,nan,14.0,"(2655.1428571428573, 1481.9285714285713)",0.7416126820927839
2832,-2319.3730158730104,nan,59.0,"(2658.084745762712, 1880.3559322033898)",0.310471808447673
2833,-6054.961240310076,nan,22.0,"(2656.7727272727275, 153.3181818181818)",0.806428661032483
2834,3438.806324110672,16.458980708117693,43.0,"(2656.860465116279, 767.3953488372093)",0.6775629876431993
2835,7404.470588235301,15.6262649690647,58.0,"(2658.344827586207, 1091.3620689655172)",0.6668791051644083
2836,-31245.756756756746,nan,81.0,"(2658.7901234567903, 1214.358024691358)",0.888674780460394
2837,-45023.7159533074,nan,64.0,"(2662.21875, 1268.671875)",0.5183817623283427
2838,-23994.967479674793,nan,10.0,"(2657.5, 1338.0)",0.9628508634032902
2839,538.5,18.472035730915,24.0,"(2657.5, 627.1666666666666)",0.5845589039146319
2840,11692.929961089496,15.130191629175023,92.0,"(2661.7934782608695, 1227.5978260869565)",0.542173469944187
2841,-12811.50588235294,nan,10.0,"(2656.4, 1383.4)",0.9664022173865873
2842,949.0235294117665,17.856807549629835,29.0,"(2658.6206896551726, 1702.551724137931)",0.704822185471653
2843,1507.0289855072479,17.35469598645829,20.0,"(2657.6, 2307.6)",0.6821829618613616
2844,-646.2055335968398,nan,13.0,"(2658.153846153846, 1157.3846153846155)",0.7770730959781877
2845,-41936.40625,nan,112.0,"(2665.526785714286, 1140.2232142857142)",0.8339616401019134
2846,222.83333333333212,19.430049607804154,21.0,"(2660.7619047619046, 522.952380952381)",0.6164363131950277
2847,1348.4400000000023,17.47542093272115,14.0,"(2660.5714285714284, 1436.0)",0.6742142302630115
2848,-7888.8615384615405,nan,14.0,"(2661.5714285714284, 1455.5)",0.9217868880435923
2849,2984.16080402011,16.612944445611546,93.0,"(2666.0860215053763, 10.193548387096774)",0.6025190701481887
2850,-18876.832684824898,nan,19.0,"(2664.0526315789475, 1343.157894736842)",0.9094240197688731
2851,12304.835294117627,15.074810487884374,206.0,"(2670.9223300970875, 1845.1601941747572)",0.7868264972699781
2852,1237.164705882351,17.568931195361078,49.0,"(2664.1020408163267, 1972.1632653061224)",0.42227221345544036
2853,1422.294117647063,17.417526465304043,28.0,"(2662.464285714286, 2207.3928571428573)",0.6564666407906726
2854,-2316.513833992096,nan,23.0,"(2662.782608695652, 112.17391304347827)",0.7501997424402796
2855,568.566265060239,18.413047280066372,19.0,"(2663.0526315789475, 321.2631578947368)",0.8464369693454166
2856,922.8425196850294,17.887181009263458,46.0,"(2666.6739130434785, 608.3695652173913)",0.7160608240824821
2857,14361.952380952382,14.906966293925322,24.0,"(2664.25, 1324.125)",0.8086675771397858
2858,10840.846774193575,15.212341984762315,177.0,"(2667.463276836158, 2073.005649717514)",0.7340695310016694
2859,1325.3215686274489,17.494196835381196,33.0,"(2664.3939393939395, 508.6363636363636)",0.6929348955330876
2860,1940.482213438736,17.080225834179036,43.0,"(2665.093023255814, 1774.3488372093022)",0.7604972687731437
2861,-38207.13513513513,nan,15.0,"(2665.3333333333335, 2300.6666666666665)",0.9660336282447043
2862,3935.5,16.312500208169386,23.0,"(2666.8260869565215, 1408.1739130434783)",0.7528634775281291
2863,-3394.343629343628,nan,14.0,"(2666.214285714286, 1480.357142857143)",0.7500539875496175
2864,-3596.8412698412685,nan,13.0,"(2666.846153846154, 1523.2307692307693)",0.6628310248364253
2865,-4645.496124031008,nan,8.0,"(2666.875, 1198.0)",0.8812697312116856
2866,1559.3098039215693,17.317668976352945,36.0,"(2669.1388888888887, 398.52777777777777)",0.6278031357116651
2867,146.21428571428623,19.887525482539328,8.0,"(2668.75, 284.125)",0.8843384945005575
2868,7917.1111111111095,15.553583149996363,97.0,"(2671.979381443299, 2265.659793814433)",0.611390442155953
2869,2853.5976095617516,16.66151816868731,27.0,"(2669.3333333333335, 2286.962962962963)",0.7612576992169131
2870,-9474.4140625,nan,16.0,"(2671.75, 1212.5)",0.8732685042833299
2871,-1668.1322957198427,nan,19.0,"(2670.0526315789475, 1712.157894736842)",0.6091124782775169
2872,-2023.5564202334608,nan,15.0,"(2671.8, 45.6)",0.7015057497892848
2873,265.90625,19.238178636657807,14.0,"(2670.8571428571427, 1792.0714285714287)",0.5379381220356083
2874,-3182.712062256811,nan,9.0,"(2673.3333333333335, 1167.7777777777778)",0.8860803563541497
2875,-5920.511811023622,nan,17.0,"(2674.0, 1269.3529411764705)",0.8142681537973485
2876,-5801.604651162794,nan,83.0,"(2678.734939759036, 1282.4096385542168)",0.5978313097792185
2877,-472.1840000000011,nan,30.0,"(2674.5, 1149.9333333333334)",0.8634212618902437
2878,2196.6640000000007,16.945590918355848,16.0,"(2674.0625, 1580.5)",0.7118981614792776
2879,-33286.712,nan,43.0,"(2676.0, 1256.6046511627908)",0.8252248757201205
2880,-32517.856,nan,23.0,"(2675.2608695652175, 1349.9130434782608)",0.9218329247496027
2881,-683.768,nan,17.0,"(2675.0, 1556.235294117647)",0.7858116822750855
2882,-1090.239999999998,nan,42.0,"(2677.9761904761904, 695.5952380952381)",0.6321023403665342
2883,-595.3170731707323,nan,8.0,"(2676.5, 900.0)",0.9737231303459101
2884,-13317.795275590557,nan,207.0,"(2686.31884057971, 681.1545893719807)",0.8329218254279692
2885,-1515.707317073171,nan,10.0,"(2677.5, 1038.0)",0.8610218993775515
2886,-564.5217391304323,nan,26.0,"(2678.576923076923, 1077.1153846153845)",0.5235447050092965
2887,-2452.7362204724413,nan,9.0,"(2677.8888888888887, 1404.6666666666667)",0.9267570822826168
2888,3887.3254901960754,16.32587273468512,88.0,"(2681.556818181818, 1861.7727272727273)",0.5927798644894953
2889,-10246.682352941178,nan,10.0,"(2678.6, 1230.3)",0.913027961584254
2890,-928.3385826771646,nan,8.0,"(2678.625, 1273.5)",0.9065895517230448
2891,-7862.561264822136,nan,13.0,"(2679.076923076923, 1393.4615384615386)",0.783895582752438
2892,-7337.439999999999,nan,9.0,"(2678.222222222222, 1435.0)",0.9235203291979441
2893,958.3745173745119,17.846161856102384,40.0,"(2680.55, 1757.45)",0.5856577156616991
2894,-94199.44488188977,nan,57.0,"(2685.3684210526317, 1355.1052631578948)",0.8556453116580105
2895,-3116.83266932271,nan,13.0,"(2680.923076923077, 1874.3076923076924)",0.7893273161762944
2896,-877.8871595330747,nan,20.0,"(2682.75, 929.6)",0.5336703761278689
2897,-4057.8527131782903,nan,36.0,"(2683.6388888888887, 1017.8055555555555)",0.8138531906845259
2898,-12102.411764705885,nan,10.0,"(2682.0, 1499.0)",0.9655648353107229
2899,1234.1673151750983,17.571564898302416,9.0,"(2682.6666666666665, 1685.7777777777778)",0.8849741162911977
2900,1163.9166666666679,17.635195282253108,17.0,"(2683.8823529411766, 1003.6470588235294)",0.7771735897967281
2901,2981.3040000000037,16.613984343052415,57.0,"(2686.754385964912, 768.0877192982456)",0.7076503531206163
2902,1141.8730158730104,17.65595547484008,54.0,"(2686.6111111111113, 1885.962962962963)",0.7003210482619199
2903,-2866.8740157480315,nan,20.0,"(2686.15, 237.45)",0.7649650148766525
2904,-30021.303501945513,nan,104.0,"(2690.346153846154, 1127.2307692307693)",0.8574546342815071
2905,-5598.095617529882,nan,9.0,"(2686.1111111111113, 1715.2222222222222)",0.9444299638679118
2906,1400.8240000000005,17.434041065479935,41.0,"(2688.0, 390.780487804878)",0.5292935188802936
2907,632.251968503937,18.29777452453554,22.0,"(2687.5, 513.8636363636364)",0.6347387456765365
2908,2364.1811023621995,16.865798146101298,102.0,"(2693.1176470588234, 1062.4019607843138)",0.7360005936986725
2909,140.86397058823786,19.928000185353717,12.0,"(2687.0, 1178.0)",0.8083412282084123
2910,37329.20392156864,13.869878179226323,229.0,"(2694.64192139738, 1625.296943231441)",0.608601828391853
2911,5588.272727272735,15.931806017373825,77.0,"(2691.103896103896, 4.961038961038961)",0.6951518940514062
2912,-4087.2598425196848,nan,9.0,"(2687.6666666666665, 1182.888888888889)",0.9348352138484644
2913,17552.01176470588,14.689182746679403,100.0,"(2691.85, 1257.32)",0.40496517476920285
2914,-5429.68,nan,12.0,"(2688.0833333333335, 1269.25)",0.9076395340714967
2915,2029.8203125,17.03135601450723,55.0,"(2691.509090909091, 573.7454545454545)",0.7651762250643266
2916,-25731.230769230766,nan,18.0,"(2689.4444444444443, 1495.5)",0.9300742743957114
2917,-1399.7529880478087,nan,9.0,"(2690.222222222222, 1195.111111111111)",0.6523280730534421
2918,4788.0,16.09961464566407,8.0,"(2690.375, 1289.75)",0.934427056149659
2919,606.9647058823466,18.34209140446253,45.0,"(2692.733333333333, 1462.6444444444444)",0.8347117800013212
2920,5884.731060606049,15.875683450387665,120.0,"(2694.991666666667, 2247.991666666667)",0.49108884139456765
2921,4880.0,16.078950444993225,50.0,"(2693.78, 1142.36)",0.7389166780671322
2922,1854.8125,17.129249964894633,8.0,"(2691.75, 1205.5)",0.844763384259063
2923,3594.1853281853273,16.410998832443585,8.0,"(2691.625, 1240.25)",0.8124097554365945
2924,3285.44787644787,16.508513546226,75.0,"(2694.693333333333, 1904.7866666666666)",0.8066369117184535
2925,4974.883720930229,16.058042664154193,25.0,"(2693.72, 961.72)",0.8107081626993283
2926,-5182.302325581397,nan,10.0,"(2694.1, 1413.0)",0.9628276944931038
2927,976.5482625482618,17.82576572082654,11.0,"(2693.5454545454545, 2266.4545454545455)",0.8262759717072565
2928,2060.3385826771646,17.015153511570418,8.0,"(2695.375, 1212.375)",0.8934989721690296
2929,990.0118577075118,17.81089900919779,30.0,"(2695.866666666667, 2078.3)",0.5884337964264567
2930,1553.642857142855,17.32162201821052,34.0,"(2695.970588235294, 2090.3823529411766)",0.5377719395806133
2931,-47603.22709163345,nan,24.0,"(2695.5833333333335, 1188.9583333333333)",0.9695342190166242
2932,-1490.8888888888905,nan,8.0,"(2696.25, 1273.125)",0.956294331260295
2933,-48869.10399999999,nan,62.0,"(2699.9193548387098, 1405.274193548387)",0.8691470868225726
2934,367.447058823529,18.887013061293388,10.0,"(2698.6, 1199.4)",0.469829745693205
2935,-66132.3464566929,nan,179.0,"(2712.8379888268155, 898.6033519553073)",0.8694997552900948
2936,4355.822134387352,16.202324656330603,12.0,"(2701.5833333333335, 1237.0833333333333)",0.6655724551007025
2937,-29856.343629343624,nan,26.0,"(2704.4615384615386, 1274.5384615384614)",0.7907229206005202
2938,-2909.837209302328,nan,32.0,"(2703.34375, 1453.75)",0.6204176377857383
2939,7540.55378486056,15.606491894981597,43.0,"(2702.5813953488373, 1471.0232558139535)",0.5944816473079595
2940,-47869.551181102346,nan,45.0,"(2704.511111111111, 1181.7333333333333)",0.9323253621738199
2941,2766.1889763779527,16.695295384324297,9.0,"(2702.8888888888887, 1386.6666666666667)",0.7593889462728719
2942,-2285.357142857145,nan,30.0,"(2702.9666666666667, 2069.3333333333335)",0.7408176685744537
2943,-181053.859375,nan,103.0,"(2706.349514563107, 1052.6699029126214)",0.945852920286559
2944,136.5119047619046,19.962073683884803,8.0,"(2704.125, 340.75)",0.7884053195431427
2945,-2411.488372093023,nan,8.0,"(2704.125, 1358.125)",0.9357375507053963
2946,-2797.256916996048,nan,8.0,"(2704.875, 2284.375)",0.6373774391990981
2947,60134.92125984252,13.35218313338737,244.0,"(2718.467213114754, 877.655737704918)",0.614542362204964
2948,-12142.442687747036,nan,8.0,"(2706.625, 1065.875)",0.9734313932988269
2949,-16064.85714285713,nan,57.0,"(2708.2105263157896, 1097.3508771929824)",0.8437604585886294
2950,-2146.4566929133853,nan,9.0,"(2706.1111111111113, 1201.6666666666667)",0.5600737292917259
2951,-3894.837944664032,nan,13.0,"(2708.153846153846, 787.3846153846154)",0.9397255928607997
2952,-7461.776470588236,nan,21.0,"(2710.1428571428573, 884.5238095238095)",0.8805691593849014
2953,2090.569169960474,16.99933864630021,8.0,"(2707.375, 1444.125)",0.6110054622305507
2954,535.5,18.478101312080312,20.0,"(2709.1, 596.1)",0.7661916650943629
2955,5249.108108108108,15.999786206548258,13.0,"(2708.5384615384614, 851.4615384615385)",0.721715340648765
2956,440.83399209486197,18.689312312556904,11.0,"(2708.909090909091, 1027.1818181818182)",0.601929265428846
2957,-3099.3895582329314,nan,19.0,"(2710.842105263158, 483.2105263157895)",0.5807043356650927
2958,-4250.0,nan,11.0,"(2709.181818181818, 1271.090909090909)",0.9571581592987293
2959,806.7637795275587,18.03313402027443,32.0,"(2710.625, 1757.5625)",0.5204284996086495
2960,1007.0153846153844,17.792409736221394,28.0,"(2711.5714285714284, 2177.535714285714)",0.6495621285796636
2961,33555.857142857145,13.985579157976872,88.0,"(2717.965909090909, 1587.2272727272727)",0.542111077868953
2962,-6490.267716535433,nan,10.0,"(2710.8, 2086.5)",0.8791412706302438
2963,-2081.88932806324,nan,8.0,"(2712.375, 1126.125)",0.7872362087131543
2964,-3989.1785714285725,nan,10.0,"(2713.8, 1132.0)",0.946418424269404
2965,4859.925196850394,16.08342603818435,8.0,"(2712.625, 1330.625)",0.20412414523193195
2966,-7920.171206225681,nan,9.0,"(2713.3333333333335, 1474.7777777777778)",0.9447148693323134
2967,2409.1343873517762,16.84534743331937,85.0,"(2716.0941176470587, 1867.4588235294118)",0.5533049241928777
2968,-3274.921259842522,nan,10.0,"(2714.1, 1801.7)",0.9457041595523512
2969,-5161.960474308296,nan,21.0,"(2717.095238095238, 2277.4761904761904)",0.7981927669897656
2970,7919.470588235294,15.553259624401559,39.0,"(2719.3846153846152, 857.6410256410256)",0.5966320967391974
2971,212973.7430830039,11.979184840429802,545.0,"(2730.54495412844, 1949.091743119266)",0.5733579678086551
2972,1171.7142857142826,17.627945687656982,30.0,"(2719.366666666667, 705.0333333333333)",0.665674755063275
2973,-8428.15625,nan,8.0,"(2718.25, 936.75)",0.9013878188659973
2974,1806.5866141732258,17.15785302994548,47.0,"(2719.6382978723404, 2215.1702127659573)",0.7487146842274408
2975,-130607.28346456692,nan,160.0,"(2722.1375, 1031.6)",0.9083080840215922
2976,5502.456692913387,15.948608417189947,10.0,"(2718.7, 1494.1)",0.8610218993775515
2977,-16595.904761904763,nan,14.0,"(2720.4285714285716, 908.9285714285714)",0.8306986468763136
2978,-2526.798418972332,nan,8.0,"(2718.875, 941.625)",0.6121180996919666
2979,-691.4477611940292,nan,8.0,"(2720.5, 1105.5)",0.8468413944019119
2980,-17400.838461538464,nan,19.0,"(2723.5789473684213, 1448.5263157894738)",0.7859594627752241
2981,5728.933333333334,15.904815578838319,117.0,"(2726.188034188034, 440.20512820512823)",0.26218277042008686
2982,-37055.03149606299,nan,16.0,"(2722.5625, 1093.6875)",0.948859110837856
2983,1351.046875,17.473323956829308,10.0,"(2724.6, 823.5)",0.6540070067893563
2984,16344.147859922174,14.76659429361006,105.0,"(2730.552380952381, 940.2476190476191)",0.6490378999792882
2985,-3724.9333333333343,nan,44.0,"(2727.340909090909, 978.6136363636364)",0.8893845160117785
2986,-49470.33333333333,nan,32.0,"(2725.5625, 1077.875)",0.9413745473560894
2987,6399.186770428016,15.784688035179496,113.0,"(2730.592920353982, 1809.7787610619469)",0.5939939880016077
2988,1753.24705882353,17.19039220245864,18.0,"(2726.8333333333335, 1652.888888888889)",0.531730124869397
2989,-3267.0952380952385,nan,8.0,"(2727.0, 2016.375)",0.789677219900833
2990,-804.4692307692276,nan,19.0,"(2730.4210526315787, 848.5263157894736)",0.5488252595316169
2991,-39352.812749003984,nan,13.0,"(2728.769230769231, 856.8461538461538)",0.9767953708478547
2992,810.8774703557283,18.027611914930453,25.0,"(2730.04, 2231.8)",0.637377049851071
2993,-5597.858267716532,nan,44.0,"(2733.318181818182, 1826.5227272727273)",0.7381142134665166
2994,-9625.42578125,nan,13.0,"(2731.6153846153848, 118.53846153846153)",0.6908888464770113
2995,2720.299212598431,16.713458310471868,77.0,"(2735.3376623376626, 525.5324675324675)",0.5578941560765726
2996,-1698.1317829457366,nan,8.0,"(2731.125, 1450.0)",0.9123908265048108
2997,-3596.887096774197,nan,27.0,"(2734.703703703704, 867.0)",0.5459025650462305
2998,-1669.5118110236217,nan,8.0,"(2732.375, 955.625)",0.7905694150420949
2999,1986.6889763779545,17.054675295002966,53.0,"(2735.1132075471696, 1790.3396226415093)",0.29137849648943376
3000,-2840.103585657369,nan,14.0,"(2732.214285714286, 2041.0714285714287)",0.8886465297954554
3001,-14065.86821705426,nan,16.0,"(2733.75, 55.4375)",0.9130166326799083
3002,175.34645669291422,19.69025751420902,8.0,"(2733.5, 175.625)",0.6353272369503311
3003,-170130.30588235287,nan,1468.0,"(2755.6880108991827, 1029.5163487738419)",0.7908088375995799
3004,3529.625,16.43067858290569,12.0,"(2734.1666666666665, 1088.1666666666667)",0.7492686492653552
3005,5975.692913385828,15.8590293217604,26.0,"(2736.1923076923076, 1463.0)",0.7050669046917208
3006,-6128.354330708662,nan,10.0,"(2736.1, 27.3)",0.9356847356645205
3007,45684.42231075693,13.65057965615911,279.0,"(2743.9605734767024, 652.5770609318996)",0.5801647019159926
3008,-5430.28571428571,nan,30.0,"(2739.0666666666666, 1093.6666666666667)",0.7374319269844319
3009,-10772.856,nan,26.0,"(2738.3076923076924, 1103.0)",0.9093297904528372
3010,-3146.6614173228336,nan,12.0,"(2738.0, 415.3333333333333)",0.8297208782078401
3011,1608.6470588235243,17.28384807685498,47.0,"(2741.6170212765956, 267.40425531914894)",0.5698613729732404
3012,8881.786561264824,15.428749168982947,64.0,"(2742.828125, 880.734375)",0.41325342588518926
3013,6089.587301587301,15.838530347529712,8.0,"(2740.0, 1496.375)",0.7930733508692994
3014,-7834.252964426876,nan,19.0,"(2741.1052631578946, 1647.4736842105262)",0.5744692272360014
3015,22279.627906976733,14.430230166521376,245.0,"(2747.412244897959, 2061.4897959183672)",0.6540654172154532
3016,-5952.111111111117,nan,34.0,"(2745.5588235294117, 1449.9117647058824)",0.8049189232823808
3017,1196.1312741312722,17.60555288593961,29.0,"(2745.551724137931, 1969.448275862069)",0.46809625039362496
3018,353.58823529411893,18.92875548352414,12.0,"(2745.1666666666665, 1875.3333333333333)",0.8022360810765556
3019,6173.6953125,15.82363701964419,83.0,"(2750.1927710843374, 824.3132530120482)",0.4497012246669178
3020,-2040.1937984496144,nan,9.0,"(2747.1111111111113, 859.0)",0.8371706521699749
3021,-235.61240310077847,nan,22.0,"(2747.7272727272725, 900.7272727272727)",0.8401377836183608
3022,-41604.23320158104,nan,39.0,"(2750.025641025641, 628.2051282051282)",0.903392627363641
3023,3604.1199999999953,16.40800189379527,86.0,"(2750.953488372093, 2093.4651162790697)",0.6110470495501539
3024,195.4765625,19.572263266860944,11.0,"(2747.181818181818, 2121.7272727272725)",0.7974587455705824
3025,-3224.363636363636,nan,9.0,"(2747.5555555555557, 2218.6666666666665)",0.8077199031510276
3026,7634.65625,15.593026280634476,50.0,"(2754.12, 944.9)",0.5414008313432691
3027,537.265625,18.474527363264613,10.0,"(2749.8, 1699.7)",0.791741358748446
3028,1069.0314960629912,17.72752374828569,21.0,"(2750.809523809524, 1721.7619047619048)",0.7306549608394246
3029,2804.952191235061,16.68018634159865,72.0,"(2755.125, 478.2083333333333)",0.4985789144471889
3030,-3119.2170542635668,nan,8.0,"(2751.0, 592.125)",0.7621169766072688
3031,-2445.610038610037,nan,26.0,"(2755.4615384615386, 666.4615384615385)",0.49317640249914135
3032,-3836.9254901960776,nan,10.0,"(2754.6, 1069.7)",0.9763683864123555
3033,-4425.900763358775,nan,16.0,"(2755.9375, 971.0625)",0.670488371124063
3034,-425217.28627450974,nan,538.0,"(2774.618959107807, 812.5334572490706)",0.8256889715371583
3035,-1345.6456692913416,nan,15.0,"(2758.4666666666667, 966.8)",0.8492208364643553
3036,104.5797665369646,20.251380830052035,11.0,"(2757.5454545454545, 1876.2727272727273)",0.3944676045463678
3037,7829.470588235301,15.565669007492836,202.0,"(2767.4851485148515, 1637.851485148515)",0.7307174493695335
3038,14199.142857142855,14.919344678417096,112.0,"(2764.0089285714284, 932.8571428571429)",0.577050512640439
3039,3151.6614173228445,16.553651112225374,69.0,"(2763.695652173913, 331.5072463768116)",0.7071873620011362
3040,-8157.5436507936465,nan,14.0,"(2762.0714285714284, 797.5714285714286)",0.9197057890149646
3041,6347.3385826771555,15.793520836826412,135.0,"(2766.8814814814814, 1762.4)",0.5814339862338307
3042,-49016.619999999995,nan,61.0,"(2766.3278688524592, 1883.950819672131)",0.9196374677959134
3043,3252.724409448827,16.519381828058677,77.0,"(2766.4675324675327, 134.1818181818182)",0.38619365291606034
3044,339.72834645669354,18.972170536739306,11.0,"(2765.0, 977.6363636363636)",0.857864054457777
3045,599.7976653696533,18.35498807251263,18.0,"(2764.777777777778, 1616.3333333333333)",0.8532228995330123
3046,7412.309523809527,15.625116134177574,181.0,"(2774.4364640883978, 254.12707182320443)",0.6391029993776595
3047,84653.29482071719,12.980890334743808,356.0,"(2776.0646067415732, 846.2443820224719)",0.7027282889792617
3048,9636.268774703552,15.340227737919516,197.0,"(2778.3807106598983, 774.8375634517766)",0.6529365952699485
3049,179.234375,19.666446735552835,8.0,"(2772.25, 990.25)",0.8907778054194159
3050,-1182.1102362204729,nan,8.0,"(2771.625, 1618.5)",0.8126699726932601
3051,55563.465116279054,13.438026695225114,234.0,"(2779.7478632478633, 948.2820512820513)",0.6243870089080389
3052,-2020.9409448818897,nan,10.0,"(2772.1, 961.3)",0.5647981748866254
3053,3659.198443579764,16.391535093655232,92.0,"(2775.891304347826, 1866.141304347826)",0.5378894215226689
3054,6535.3385826771555,15.761829768954097,123.0,"(2778.243902439024, 591.780487804878)",0.6825765128363414
3055,489.97297297297337,18.57456968774719,22.0,"(2775.3636363636365, 268.77272727272725)",0.4671739717960116
3056,-34721.37209302325,nan,26.0,"(2776.730769230769, 993.7307692307693)",0.8646824630689677
3057,-2898.6612903225796,nan,10.0,"(2775.0, 551.7)",0.8331585077976992
3058,1445.7081712062354,17.39979841080165,47.0,"(2778.2127659574467, 561.6170212765958)",0.7730476100805835
3059,-948.1196911196894,nan,8.0,"(2775.75, 1050.625)",0.962382198270889
3060,-5524.536964980543,nan,32.0,"(2779.40625, 1025.21875)",0.5498393662366063
3061,271.41732283464626,19.21590609387002,8.0,"(2776.625, 1545.375)",0.847789178467038
3062,-7469.866666666665,nan,9.0,"(2778.5555555555557, 1009.2222222222222)",0.912168610436284
3063,2931.879844961237,16.632134580080322,78.0,"(2782.24358974359, 1767.6538461538462)",0.5243217458771761
3064,1753.5019607843133,17.19023436037389,10.0,"(2780.6, 1050.7)",0.9157938562442206
3065,-10245.745019920316,nan,16.0,"(2781.25, 1558.0625)",0.8888495111080756
3066,210.16600790513803,19.493593812741455,11.0,"(2779.3636363636365, 2069.090909090909)",0.5913123959890826
3067,-31559.150197628456,nan,15.0,"(2780.9333333333334, 1036.8)",0.9580849181065064
3068,-6464.857142857145,nan,9.0,"(2781.777777777778, 1046.2222222222222)",0.9443029685449618
3069,-2740.6988416988424,nan,8.0,"(2780.75, 828.625)",0.7614164915114531
3070,299.96875,19.10730996661308,12.0,"(2782.25, 1003.5)",0.9045677604357425
3071,-3025.6395348837214,nan,19.0,"(2782.8947368421054, 929.0)",0.6145782713206951
3072,1266.5679999999993,17.543428721687153,46.0,"(2784.5434782608695, 1954.9565217391305)",0.5678377783685336
3073,-2848.719696969696,nan,8.0,"(2783.125, 2308.375)",0.8537954490857292
3074,4583.245059288543,16.14706730263785,65.0,"(2785.753846153846, 73.18461538461538)",0.7120927020160598
3075,886.660079051384,17.930607111881997,41.0,"(2785.317073170732, 426.4390243902439)",0.518646591277692
3076,12525.81027667984,15.055485426664024,60.0,"(2786.9333333333334, 1622.35)",0.5474560643257373
3077,-3136.8110236220473,nan,8.0,"(2784.375, 2032.625)",0.847789178467038
3078,24506.3515625,14.326803351226769,318.0,"(2797.14465408805, 645.8962264150944)",0.7840682700512863
3079,37945.646387832705,13.852095111885152,320.0,"(2798.05, 560.95625)",0.6051071672946388
3080,1900.0,17.103115997617927,40.0,"(2790.225, 712.325)",0.5776716599913462
3081,3200.351778656128,16.537005704878005,56.0,"(2791.7678571428573, 59.785714285714285)",0.806453441928391
3082,-2918.283464566932,nan,16.0,"(2789.3125, 1593.5625)",0.8783862508653371
3083,519.28125,18.5114933961339,29.0,"(2790.7586206896553, 110.51724137931035)",0.4530656074497064
3084,8676.5546875,15.454131728891028,160.0,"(2797.3125, 677.31875)",0.6402387012609105
3085,5079.133858267716,16.03552585346652,10.0,"(2790.7, 1041.5)",0.7135786062750877
3086,3034.658823529411,16.594725320275273,42.0,"(2795.2380952380954, 1630.452380952381)",0.7077370230944054
3087,12112.198412698432,15.091942558770697,198.0,"(2798.8838383838383, 280.2676767676768)",0.5445685478725034
3088,5181.868525896425,16.013784025269562,102.0,"(2797.2156862745096, 1939.8529411764705)",0.5991335764009803
3089,783.2806324110679,18.065206529491146,8.0,"(2793.625, 1563.125)",0.6252578937391252
3090,-1053.2891566265062,nan,27.0,"(2795.703703703704, 783.0370370370371)",0.5886419649906064
3091,4183.208661417331,16.246226179905115,87.0,"(2799.1494252873563, 811.8505747126437)",0.4999483744245712
3092,-9675.75294117647,nan,98.0,"(2798.1020408163267, 1521.1530612244899)",0.738758632658005
3093,37.042635658914605,21.37824529988619,8.0,"(2796.125, 520.875)",0.6123724356957945
3094,-26105.5076923077,nan,33.0,"(2799.4545454545455, 1537.4848484848485)",0.6302118759642098
3095,25759.432432432426,14.272659275464008,137.0,"(2803.102189781022, 942.948905109489)",0.8259105067585635
3096,1250.268,17.557492210588208,26.0,"(2800.269230769231, 322.0769230769231)",0.6026630896726635
3097,821.0787401574798,18.01403798181725,8.0,"(2799.375, 1592.5)",0.9065895517230448
3098,18429.333333333314,14.636225936896876,160.0,"(2805.90625, 2302.58125)",0.6094012956423125
3099,8674.555555555562,15.45438191806156,152.0,"(2805.809210526316, 256.07894736842104)",0.7043936219367284
3100,-72743.29644268774,nan,104.0,"(2807.5384615384614, 2031.0961538461538)",0.8773975760771353
3101,21670.96047430829,14.4603045999367,153.0,"(2808.8692810457514, 1660.4183006535948)",0.6938330817187162
3102,10270.153543307097,15.271057658652246,128.0,"(2810.6484375, 186.3984375)",0.6514892097277538
3103,-1758.375,nan,10.0,"(2805.8, 1531.4)",0.9077073473043433
3104,-12864.767441860466,nan,17.0,"(2807.529411764706, 663.5882352941177)",0.856582822087214
3105,3357.1538461538457,16.485071890397457,13.0,"(2806.923076923077, 1539.076923076923)",0.5495237643890188
3106,4448.342412451355,16.179504475488,57.0,"(2808.842105263158, 1720.122807017544)",0.5295645292029859
3107,-38075.83529411764,nan,27.0,"(2808.4444444444443, 2041.7777777777778)",0.9080892049551226
3108,22374.46153846153,14.425618518933899,98.0,"(2811.9795918367345, 960.469387755102)",0.7277168621096607
3109,-2943.0,nan,19.0,"(2809.684210526316, 1519.4736842105262)",0.9036614118129087
3110,-120019.25,nan,162.0,"(2812.895061728395, 816.0308641975308)",0.9218319269337385
3111,-5257.342629482067,nan,17.0,"(2809.235294117647, 1742.1176470588234)",0.8992445153058986
3112,1457.3110236220527,17.39111937481725,30.0,"(2810.5333333333333, 1763.2666666666667)",0.681889540749793
3113,4546.843137254909,16.155725070941884,55.0,"(2812.818181818182, 677.6545454545454)",0.599563184127945
3114,234.36653386454236,19.375261007185273,15.0,"(2811.733333333333, 2111.133333333333)",0.2581988897471613
3115,-799.9920948616636,nan,103.0,"(2820.9611650485435, 451.20388349514565)",0.830217317145856
3116,167.6614785992133,19.73891677034115,52.0,"(2819.230769230769, 789.7115384615385)",0.7363315025425947
3117,651.1792828685284,18.26574856221591,9.0,"(2816.777777777778, 1520.111111111111)",0.9023497258541272
3118,1235.18359375,17.570671213649337,37.0,"(2821.837837837838, 429.8378378378378)",0.44627961557211926
3119,-6172.3125,nan,14.0,"(2819.9285714285716, 730.8571428571429)",0.7183094868332321
3120,-13768.376470588235,nan,115.0,"(2827.695652173913, 991.1565217391304)",0.5775278392813504
3121,1390.0731707317063,17.442405846831228,8.0,"(2820.0, 1515.5)",0.9128709291752769
3122,304.9921875,19.089278212855127,41.0,"(2821.268292682927, 1689.780487804878)",0.7585460502551098
3123,139.49800796812633,19.938579985180752,9.0,"(2820.8888888888887, 399.22222222222223)",0.7000289117734508
3124,-3011.75,nan,15.0,"(2822.0666666666666, 2012.4666666666667)",0.787625870923623
3125,1232.28125,17.573225398888724,27.0,"(2824.259259259259, 536.6666666666666)",0.8458105488241444
3126,-14206.032,nan,19.0,"(2826.5789473684213, 823.9473684210526)",0.8934856920226143
3127,359.5519999999997,18.910595727876384,10.0,"(2823.6, 2114.0)",0.8023410415544137
3128,-6699.6334661354595,nan,13.0,"(2823.769230769231, 971.9230769230769)",0.9313594590159736
3129,13692.829787234048,14.95876697608902,52.0,"(2827.6153846153848, 2307.1153846153848)",0.8932007215009695
3130,-1717.2441860465115,nan,45.0,"(2828.2444444444445, 514.3111111111111)",0.5556034477442687
3131,-1489.6111111111095,nan,30.0,"(2827.4666666666667, 1765.1)",0.7080679399029769
3132,2778.2461538461503,16.690573195523093,74.0,"(2829.5, 841.4324324324324)",0.5351165901189019
3133,-3221.3618677042796,nan,9.0,"(2825.777777777778, 1527.6666666666667)",0.9199014423280613
3134,8125.648000000001,15.525354987687306,81.0,"(2832.0246913580245, 804.2592592592592)",0.4880588250389562
3135,-51370.568627450964,nan,222.0,"(2835.391891891892, 1618.490990990991)",0.8375053884659135
3136,16425.498007968126,14.761203635267682,137.0,"(2834.1459854014597, 2286.7737226277372)",0.7015073948083113
3137,237.38582677165323,19.361363035890513,11.0,"(2830.5454545454545, 1997.6363636363637)",0.49792959773196893
3138,64410.953125,13.277600685743765,408.0,"(2842.2549019607845, 242.6813725490196)",0.6341536678908842
3139,-9497.5873015873,nan,9.0,"(2832.1111111111113, 1777.5555555555557)",0.9211149192342801
3140,-27253.72,nan,19.0,"(2835.0, 976.2631578947369)",0.9381662284633709
3141,1195.8988326848194,17.605763895068613,52.0,"(2836.0384615384614, 1885.8461538461538)",0.6562421110655259
3142,5456.096000000005,15.957794992184171,107.0,"(2839.9532710280373, 2151.700934579439)",0.4745306600469777
3143,-12195.881889763768,nan,50.0,"(2839.38, 483.5)",0.8053058725098755
3144,-35172.20000000001,nan,23.0,"(2841.5652173913045, 750.304347826087)",0.9357751991819369
3145,2205.368000000002,16.941297328376592,50.0,"(2841.68, 2108.04)",0.7274125381845655
3146,-3867.032258064515,nan,27.0,"(2843.0, 1702.5185185185185)",0.8903554659127191
3147,4750.031128404662,16.108258860753583,151.0,"(2849.953642384106, 1851.8476821192053)",0.3272270744725376
3148,-3284.3779527559054,nan,8.0,"(2844.625, 2125.5)",0.7548978352904936
3149,452.54901960784264,18.660835929035606,32.0,"(2847.28125, 441.8125)",0.31843626296619537
3150,1011.9575289575296,17.787094285258434,8.0,"(2845.75, 811.625)",0.747102836415358
3151,-18123.45669291338,nan,13.0,"(2844.846153846154, 956.8461538461538)",0.971127559195104
3152,-7203.1111111111095,nan,54.0,"(2849.574074074074, 1606.888888888889)",0.8250470741137561
3153,23291.125,14.382023834535742,261.0,"(2854.662835249042, 341.7432950191571)",0.6353967157106297
3154,-4976.038910505857,nan,103.0,"(2850.660194174757, 1747.7766990291261)",0.7888561507561042
3155,-5079.65625,nan,8.0,"(2847.75, 966.25)",0.9393364366277243
3156,-3293.140625,nan,9.0,"(2847.3333333333335, 1985.3333333333333)",0.8802566520314323
3157,-5217.727272727272,nan,9.0,"(2849.3333333333335, 1598.4444444444443)",0.9290803560351476
3158,683.4758064516136,18.213192134746706,31.0,"(2850.7096774193546, 573.9677419354839)",0.5035422164626935
3159,-5027.75294117647,nan,24.0,"(2851.7083333333335, 924.625)",0.6453464001903332
3160,3846.6346153846243,16.337297661383055,79.0,"(2853.974683544304, 2200.8607594936707)",0.3463266696950174
3161,4871.320463320464,16.080883247783902,8.0,"(2852.75, 984.625)",0.9058142134119008
3162,-8876.9609375,nan,19.0,"(2854.5789473684213, 158.31578947368422)",0.8011160995502091
3163,5699.512000000002,15.910405819055624,31.0,"(2854.935483870968, 897.483870967742)",0.6013641811944802
3164,1501.8503937007918,17.358433318173564,50.0,"(2857.36, 692.48)",0.822407689719714
3165,-11533.960000000006,nan,41.0,"(2858.560975609756, 882.0)",0.8793748662253894
3166,-2039.3976377952786,nan,59.0,"(2862.2881355932204, 839.1694915254237)",0.7462592364636658
3167,8411.94941634241,15.487758368812786,103.0,"(2863.116504854369, 1689.0970873786407)",0.2648587039895435
3168,4933.319066147858,16.06715198826221,86.0,"(2863.313953488372, 1927.6976744186047)",0.624571257462107
3169,1079.2807017543855,17.71716397084911,19.0,"(2863.0, 12.473684210526315)",0.7312209156575267
3170,-8638.24409448819,nan,9.0,"(2861.1111111111113, 545.3333333333334)",0.8897131626796999
3171,691.1176470588252,18.20112004393982,15.0,"(2863.4666666666667, 1839.3333333333333)",0.7082850142168403
3172,5892.815999999999,15.87419279826002,43.0,"(2866.0, 1631.4186046511627)",0.6023193468227619
3173,-3322.2421875,nan,69.0,"(2864.8115942028985, 2135.6666666666665)",0.8269010320252784
3174,-2071.396825396825,nan,8.0,"(2864.0, 871.625)",0.789677219900833
3175,-4761.171314741037,nan,13.0,"(2865.6923076923076, 810.9230769230769)",0.8083840302916956
3176,-80488.75875486381,nan,49.0,"(2870.326530612245, 2042.7755102040817)",0.9227871536117208
3177,696.9494163424097,18.191996853178786,9.0,"(2867.777777777778, 1846.6666666666667)",0.8849741162911977
3178,2475.5511811023607,16.815820225905917,70.0,"(2872.157142857143, 587.4)",0.500247268162549
3179,-1236.8425196850403,nan,14.0,"(2871.3571428571427, 1646.642857142857)",0.7229988054812213
3180,48215.15322580648,13.59204112182515,494.0,"(2882.508097165992, 147.02226720647772)",0.41533671569005687
3181,-3128.0833333333358,nan,10.0,"(2875.0, 265.8)",0.8504795571769026
3182,11534.834645669296,15.144971567007222,141.0,"(2879.54609929078, 1754.1560283687943)",0.5849795076280756
3183,1824.417322834648,17.147189531968202,32.0,"(2877.53125, 51.65625)",0.47033649602978633
3184,-5726.236641221374,nan,16.0,"(2876.9375, 75.0)",0.8347825503391397
3185,-13864.722222222226,nan,20.0,"(2876.5, 777.35)",0.8245382098232058
3186,1327.3346303501967,17.49254893663335,47.0,"(2877.872340425532, 1861.9574468085107)",0.4690124359292254
3187,-3142.208661417324,nan,9.0,"(2877.6666666666665, 329.1111111111111)",0.7498433221011597
3188,596.0796812748995,18.36173920457153,30.0,"(2880.4, 706.0666666666667)",0.5545984881617677
3189,-17102.677165354333,nan,12.0,"(2879.3333333333335, 912.0)",0.955766699034987
3190,1855.4903474903476,17.128853251418665,8.0,"(2878.625, 957.75)",0.8741777031395036
3191,3386.7098039215707,16.47555503758458,13.0,"(2879.846153846154, 1609.3076923076924)",0.6884204946894548
3192,1668.7857142857101,17.243998566747123,44.0,"(2883.931818181818, 339.22727272727275)",0.44370344188658584
3193,8265.686507936509,15.506802675489363,106.0,"(2885.6415094339623, 224.0188679245283)",0.6020625609314516
3194,7158.639999999999,15.662923693042108,71.0,"(2885.492957746479, 855.056338028169)",0.6783873696776491
3195,1576.7370517928284,17.305601816894978,13.0,"(2881.076923076923, 1620.7692307692307)",0.6356016145583508
3196,-5770.600000000006,nan,34.0,"(2884.235294117647, 463.02941176470586)",0.58579936185994
3197,106.36254980077501,20.23302814997742,325.0,"(2901.243076923077, 1678.9723076923076)",0.8809163454788028
3198,-8632.873015873018,nan,12.0,"(2886.0833333333335, 922.5)",0.9042851208145217
3199,21856.31372549021,14.451057710228907,108.0,"(2890.1666666666665, 1616.601851851852)",0.48654609791091746
3200,169.6171875,19.72632535575538,9.0,"(2885.8888888888887, 1979.111111111111)",0.6944132079458367
3201,1864.4046692607008,17.12364954520089,36.0,"(2888.5833333333335, 189.77777777777777)",0.5073458255548123
3202,-535.1254901960783,nan,10.0,"(2887.6, 930.3)",0.744528490403294
3203,1274.1023622047214,17.536989197751215,50.0,"(2892.66, 354.12)",0.597936989643784
3204,132.35408560311225,19.995656620086777,12.0,"(2890.6666666666665, 1918.25)",0.4907192147942729
3205,1883.7936507936538,17.112416677994972,53.0,"(2893.1132075471696, 527.7358490566038)",0.723485413635037
3206,-4888.5,nan,14.0,"(2892.1428571428573, 760.9285714285714)",0.8420445623319739
3207,2277.877470355732,16.906174102068515,22.0,"(2892.6363636363635, 1649.409090909091)",0.4429590368841828
3208,-9834.851405622489,nan,28.0,"(2894.035714285714, 253.28571428571428)",0.7371677836097745
3209,-2624.6901960784307,nan,13.0,"(2893.3076923076924, 341.15384615384613)",0.7666441188503429
3210,2606.4803149606305,16.75986387666617,71.0,"(2894.830985915493, 400.36619718309856)",0.6255437034799758
3211,65675.2371541502,13.256495875739853,289.0,"(2902.1072664359863, 1726.4221453287198)",0.2270775612833417
3212,7806.632000000012,15.56884073134241,131.0,"(2899.259541984733, 1895.8702290076335)",0.7692204152608982
3213,509.77689243028,18.531549636159937,37.0,"(2896.027027027027, 630.4324324324324)",0.36160592662352314
3214,-60193.438247011945,nan,51.0,"(2897.7843137254904, 872.0784313725491)",0.8844422965391423
3215,4411.770428015565,16.188467736749182,13.0,"(2894.230769230769, 973.3076923076923)",0.7049590417471183
3216,478.28627450980457,18.60078020499228,12.0,"(2897.1666666666665, 130.66666666666666)",0.662412836556156
3217,11229.692607003875,15.17408032905008,194.0,"(2904.3092783505153, 577.7628865979382)",0.5473965789200219
3218,-4275.640625,nan,51.0,"(2900.0, 666.1764705882352)",0.6370441520730724
3219,-20326.0,nan,43.0,"(2900.9302325581393, 914.2558139534884)",0.7739508197983321
3220,1527.239999999998,17.340231774606004,38.0,"(2900.0, 2103.6052631578946)",0.4006418459059425
3221,-5626.453125,nan,8.0,"(2897.5, 2263.25)",0.9272704686870642
3222,20122.20233463036,14.540811220889934,139.0,"(2903.2877697841727, 203.68345323741008)",0.5938239073619374
3223,4146.822580645159,16.255711363178506,33.0,"(2901.5151515151515, 924.969696969697)",0.48867487128157916
3224,-77286.496031746,nan,76.0,"(2908.5394736842104, 942.9342105263158)",0.9275054689897568
3225,450.9764705882335,18.6646152914263,21.0,"(2903.904761904762, 552.1428571428571)",0.47156790207654714
3226,903.0588235294126,17.91070989912715,30.0,"(2904.9, 716.4)",0.4615661796667845
3227,-1840.1641791044767,nan,8.0,"(2903.5, 841.5)",0.8867479925442058
3228,-569755.8980392157,nan,449.0,"(2923.574610244989, 2017.3006681514476)",0.921836041911573
3229,11937.575875486393,15.107709637536132,136.0,"(2910.323529411765, 620.75)",0.7554139165925939
3230,1982.4921259842522,17.056971322318937,79.0,"(2908.53164556962, 424.746835443038)",0.7987586272835878
3231,-6232.360465116279,nan,18.0,"(2908.0, 1812.1666666666667)",0.6830892151776323
3232,1658.1906614785985,17.250913837559267,28.0,"(2909.785714285714, 19.714285714285715)",0.4356384460945661
3233,-955.5219123505958,nan,34.0,"(2909.5882352941176, 57.029411764705884)",0.5921748081182944
3234,2881.5196850393695,16.650946022997843,40.0,"(2910.45, 37.8)",0.49796110438131164
3235,-1428.6774193548408,nan,27.0,"(2910.0, 2261.4814814814813)",0.6590182799069391
3236,-2416.1399999999994,nan,27.0,"(2912.037037037037, 870.2592592592592)",0.8222801416079901
3237,1832.6549019607846,17.142298267878537,39.0,"(2913.3076923076924, 686.4358974358975)",0.4412034758890468
3238,3088.3360000000002,16.575688640167435,9.0,"(2911.777777777778, 968.0)",0.6099942813304188
3239,-3240.5348837209312,nan,53.0,"(2916.132075471698, 1802.0943396226414)",0.6360010646057571
3240,-5539.487999999998,nan,34.0,"(2915.235294117647, 1831.9705882352941)",0.6909601468823146
3241,-1555.431372549021,nan,23.0,"(2915.217391304348, 185.43478260869566)",0.7765842496376256
3242,692.9724409448827,18.19821009162184,27.0,"(2915.6666666666665, 1894.0)",0.41964357751663484
3243,-3241.1422924901162,nan,8.0,"(2917.625, 1953.875)",0.8779711460710615
3244,10934.27272727272,15.20302524488003,98.0,"(2924.4591836734694, 1739.642857142857)",0.6498411342034508
3245,6472.964143426294,15.772241996805256,12.0,"(2920.0833333333335, 956.6666666666666)",0.6599742276773253
3246,17360.154440154438,14.701116038882617,113.0,"(2927.4601769911505, 1689.5398230088495)",0.6207715145338195
3247,1114.1039999999994,17.682685666267638,10.0,"(2921.0, 951.6)",0.7627151441256722
3248,825.9199999999983,18.007655042840568,35.0,"(2924.2571428571428, 1883.0)",0.5677234591505134
3249,2177.423529411768,16.95514272092436,25.0,"(2922.4, 2164.4)",0.8113435308882728
3250,796.1081081081138,18.04756988226763,36.0,"(2924.222222222222, 366.3611111111111)",0.694790289211819
3251,30112.678431372566,14.103126533982058,181.0,"(2931.696132596685, 1712.5082872928176)",0.7350740797238298
3252,3310.60629921261,16.500231157335904,75.0,"(2930.12, 861.48)",0.8387069200968833
3253,582.6535433070894,18.38647402028732,17.0,"(2923.5882352941176, 2228.1176470588234)",0.6905196269882762
3254,2550.924302788844,16.78325607159476,54.0,"(2927.222222222222, 2117.0925925925926)",0.6188356155039774
3255,-13490.621621621627,nan,36.0,"(2927.5833333333335, 936.4722222222222)",0.7769248783630492
3256,-1599.2423076923114,nan,15.0,"(2926.0666666666666, 944.0666666666667)",0.8120385607657112
3257,3666.2948207171285,16.389431536744375,65.0,"(2931.2, 575.9076923076923)",0.7106207288828057
3258,158005.23076923087,12.303321338680236,558.0,"(2940.9175627240143, 2209.064516129032)",0.767556987495654
3259,1726.7142857142862,17.206948794765545,32.0,"(2929.9375, 730.78125)",0.2181718414355562
3260,-5921.466135458166,nan,13.0,"(2928.923076923077, 2108.3076923076924)",0.8522601291421641
3261,3715.1889763779527,16.375047726420156,8.0,"(2929.625, 950.625)",0.9354143466934853
3262,-22535.759999999995,nan,30.0,"(2932.9666666666667, 23.266666666666666)",0.8492650131222341
3263,-16453.083665338636,nan,43.0,"(2934.4186046511627, 659.9767441860465)",0.7939578779110122
3264,3143.15625,16.556585072888673,12.0,"(2935.6666666666665, 908.6666666666666)",0.7810297972188515
3265,1077.964566929135,17.718488785813975,20.0,"(2940.8, 380.05)",0.2645275393115446
3266,-2843.392996108949,nan,12.0,"(2940.3333333333335, 2237.75)",0.7318225119063816
3267,-2975.694117647059,nan,13.0,"(2941.3076923076924, 2177.6153846153848)",0.6155574749267262
3268,2812.1137254901987,16.6774177996763,80.0,"(2946.8125, 670.2)",0.6394240004797964
3269,-2339.5669291338563,nan,11.0,"(2944.181818181818, 722.8181818181819)",0.569229607775909
3270,-20575.803149606298,nan,19.0,"(2945.2105263157896, 834.2105263157895)",0.8985334364045872
3271,518.9450980392139,18.512196465108346,18.0,"(2945.8333333333335, 1852.888888888889)",0.5204408550384962
3272,-3227.683397683397,nan,9.0,"(2944.5555555555557, 1919.4444444444443)",0.8896028436519112
3273,-5122.53629032258,nan,10.0,"(2946.3, 792.0)",0.9119248347819382
3274,5528.586872586879,15.943464654498104,37.0,"(2947.7837837837837, 1727.2972972972973)",0.6203250827738853
3275,-79.26086956521613,nan,20.0,"(2947.9, 1746.45)",0.8328097440517345
3276,4018.7888446215075,16.289762029820242,103.0,"(2952.757281553398, 1997.9223300970873)",0.3745156599284363
3277,29475.984251968504,14.126329210445464,235.0,"(2957.8808510638296, 269.4)",0.33301259882125284
3278,3997.5458167330726,16.29551637502666,40.0,"(2953.1, 868.2)",0.7961239374661179
3279,41465.9296875,13.755771482666354,216.0,"(2959.7175925925926, 55.351851851851855)",0.427133474811586
3280,-2535.2490118577116,nan,24.0,"(2953.1666666666665, 450.75)",0.7938455797935648
3281,1610.9058823529413,17.28232458155407,28.0,"(2954.214285714286, 99.53571428571429)",0.779123917509653
3282,121723.93307086616,12.586560058559527,482.0,"(2965.1535269709543, 765.4771784232365)",0.6448007296248244
3283,1327.1417322834604,17.49270673529994,48.0,"(2958.6458333333335, 574.6041666666666)",0.8195097314997482
3284,-6055.948207171314,nan,13.0,"(2959.230769230769, 638.8461538461538)",0.8043523087696969
3285,1895.549407114624,17.105662228228915,8.0,"(2958.375, 864.875)",0.8565348226437695
3286,21241.627906976762,14.482030507591615,156.0,"(2964.724358974359, 1720.2564102564102)",0.4412091878026435
3287,623.50980392157,18.31289178346855,21.0,"(2958.5714285714284, 2089.5714285714284)",0.7248571362699266
3288,5108.2109375,16.02932794340957,66.0,"(2965.090909090909, 813.1212121212121)",0.41724789590996475
3289,-13179.642857142855,nan,26.0,"(2961.5, 1971.076923076923)",0.9090081868373376
3290,30588.0078125,14.08612201889925,228.0,"(2967.4254385964914, 2176.6754385964914)",0.5134488246866401
3291,-1677.4375,nan,27.0,"(2967.4074074074074, 645.6666666666666)",0.647963782339433
3292,-387.04761904761926,nan,8.0,"(2965.875, 914.75)",0.6992747975054386
3293,880.2509960159368,17.938483687118513,15.0,"(2968.133333333333, 1811.2666666666667)",0.5431470888804855
3294,-6454.802816901407,nan,26.0,"(2970.576923076923, 1.5384615384615385)",0.8059898678090067
3295,764.3760000000002,18.09173239362654,17.0,"(2970.0, 86.58823529411765)",0.5719453592505395
3296,-29260.07421875,nan,23.0,"(2970.8260869565215, 876.0)",0.8986796795255592
3297,-18584.65625,nan,15.0,"(2973.3333333333335, 922.2666666666667)",0.9306179616017677
3298,-6175.394422310757,nan,12.0,"(2974.0833333333335, 2131.3333333333335)",0.8773794845645758
3299,7927.5625,15.552150813397843,50.0,"(2977.16, 740.16)",0.5105983610690926
3300,1961.2209302325573,17.06868370148021,23.0,"(2975.0434782608695, 1734.1304347826087)",0.7023590261078698
3301,2984.6800000000003,16.61275556140684,14.0,"(2976.714285714286, 930.0714285714286)",0.9009209124323991
3302,-4101.494071146244,nan,13.0,"(2978.3846153846152, 903.9230769230769)",0.9119121993268295
3303,1150.9212598425147,17.647385968913454,31.0,"(2980.516129032258, 2192.1290322580644)",0.6533918537342716
3304,3102.984375,16.57055102822325,76.0,"(2982.5, 591.7894736842105)",0.43310056523164026
3305,359.875,18.909620805284653,15.0,"(2980.4666666666667, 2144.4)",0.6389430236753418
3306,350.22399999999834,18.93913524021722,22.0,"(2982.9545454545455, 146.54545454545453)",0.7288860074393819
3307,381.34108527131684,18.8467160044831,13.0,"(2982.0, 2028.8461538461538)",0.8224426122683799
3308,1271.7944664031675,17.538957672425276,44.0,"(2987.818181818182, 342.8636363636364)",0.39405604909524633
3309,443.02702702702663,18.683924446684642,19.0,"(2985.7368421052633, 1940.3684210526317)",0.6841067910018535
3310,898.782101167315,17.91586396235476,24.0,"(2987.125, 2256.0416666666665)",0.40027210545687253
3311,-1096.7479674796741,nan,14.0,"(2988.0, 889.5)",0.8696802231723639
3312,-26818.1484375,nan,22.0,"(2992.318181818182, 907.1818181818181)",0.8783466579126831
3313,-664.2941176470631,nan,24.0,"(2995.2916666666665, 914.5416666666666)",0.6092744388118231
3314,15934.671936758881,14.794142183397174,124.0,"(3000.6451612903224, 767.5887096774194)",0.6201255623999038
3315,-2717.351999999999,nan,12.0,"(2994.5833333333335, 226.0)",0.721686347392746
3316,25057.862745098042,14.302639934870385,189.0,"(3002.201058201058, 114.75132275132275)",0.42085715969323634
3317,2477.1818181818235,16.81510529062545,65.0,"(2997.9076923076923, 617.4307692307692)",0.6079212613478882
3318,764.393700787401,18.091707251336338,23.0,"(2996.478260869565, 1819.8260869565217)",0.45184756783860835
3319,3998.015625,16.295388782274358,73.0,"(2999.4931506849316, 2102.7397260273974)",0.5251190370639415
3320,924.75,17.88493915003142,11.0,"(2996.2727272727275, 928.1818181818181)",0.8255055805062241
3321,-2521.0039215686265,nan,18.0,"(2999.1111111111113, 1739.8333333333333)",0.6394348489908226
3322,-8221.863453815258,nan,19.0,"(3001.0526315789475, 810.2631578947369)",0.7395340165508653
3323,-427.384,nan,8.0,"(2999.25, 907.0)",0.7927001054654698
3324,1822.787401574802,17.14815995440086,51.0,"(3001.4901960784314, 1791.2745098039215)",0.4447194915421926
3325,20107.69565217392,14.541594242066957,139.0,"(3004.517985611511, 2148.1079136690646)",0.5930343348651952
3326,761.34375,18.096048032775187,10.0,"(3001.4, 48.5)",0.8828430011649196
3327,-3069.7568627450983,nan,10.0,"(3000.3, 2002.4)",0.48084065780746216
3328,5971.545816733065,15.859783078048876,59.0,"(3004.0169491525426, 733.2372881355932)",0.5596008707003582
3329,1918.7442748091562,17.092457257585284,49.0,"(3004.918367346939, 2217.9591836734694)",0.25511392756835244
3330,2302.8125,16.89435355449279,10.0,"(3004.4, 899.2)",0.4367096837448421
3331,9585.850393700792,15.345923383305607,130.0,"(3008.5384615384614, 389.3692307692308)",0.5947367593695821
3332,6717.065637065636,15.732051019726644,62.0,"(3008.983870967742, 867.0967741935484)",0.6644130970404303
3333,12309.78571428571,15.074373767735333,94.0,"(3010.8936170212764, 792.2978723404256)",0.6507697601083561
3334,36651.25691699609,13.889777817717063,499.0,"(3015.192384769539, 1983.062124248497)",0.8944912540363708
3335,-7791.707509881424,nan,17.0,"(3008.6470588235293, 700.4117647058823)",0.5751465103295739
3336,755.5679999999993,18.10431610926603,23.0,"(3010.4347826086955, 176.04347826086956)",0.761937755219518
3337,1639.7413127413092,17.263061653219882,34.0,"(3011.8529411764707, 717.9705882352941)",0.6519702961687535
3338,32826.445783132454,14.009440342699484,898.0,"(3026.0066815144764, 1914.544543429844)",0.42992981206410846
3339,6764.297619047604,15.724443230854522,118.0,"(3016.35593220339, 220.94915254237287)",0.5910621642570472
3340,-14870.260700389103,nan,18.0,"(3013.277777777778, 906.2222222222222)",0.9115525919997433
3341,1427.6047430830076,17.413480044528132,51.0,"(3012.843137254902, 1730.8039215686274)",0.7024180552306074
3342,-1032.5372549019612,nan,10.0,"(3013.4, 892.3)",0.5538179102598076
3343,1856.652671755728,17.128173332799534,38.0,"(3015.9473684210525, 685.9473684210526)",0.3333656999502672
3344,407.1196911196912,18.775694729080914,8.0,"(3014.375, 900.25)",0.8951421494753751
3345,-561.2451361867716,nan,10.0,"(3015.2, 919.4)",0.8861048864709203
3346,-1742.5657370517947,nan,26.0,"(3015.730769230769, 1776.9615384615386)",0.3731648867907748
3347,-19966.58139534884,nan,12.0,"(3018.5, 195.41666666666666)",0.8994408096181082
3348,-8747.633466135456,nan,21.0,"(3018.190476190476, 758.0952380952381)",0.8548413508014745
3349,15059.0,14.855509666769462,117.0,"(3022.4957264957266, 836.8974358974359)",0.7027675546133408
3350,-8743.615999999998,nan,16.0,"(3019.25, 2275.0)",0.7283698582158598
3351,356.8790322580644,18.91869741858187,15.0,"(3020.0, 2077.4666666666667)",0.7064788060529499
3352,2321.9397590361405,16.88537262972958,67.0,"(3025.268656716418, 581.9850746268656)",0.27715481331638114
3353,-6383.799999999999,nan,9.0,"(3022.0, 678.7777777777778)",0.6683307666846011
3354,619.7014925373132,18.319543644651063,8.0,"(3022.5, 1726.5)",0.816496580927726
3355,-7348.68076923077,nan,11.0,"(3023.909090909091, 746.9090909090909)",0.9163746703324138
3356,5694.365758754866,15.911386602057956,88.0,"(3027.2613636363635, 353.7613636363636)",0.540280168597395
3357,-2861.246153846154,nan,12.0,"(3025.9166666666665, 593.9166666666666)",0.8677449371366277
3358,-2384.0,nan,8.0,"(3024.0, 886.5)",0.824582686651184
3359,715.1411764705881,18.164020538469618,23.0,"(3025.8260869565215, 273.60869565217394)",0.5009702705574921
3360,-1511.9037656903747,nan,17.0,"(3026.8823529411766, 2296.176470588235)",0.6542089779791423
3361,31131.328125,14.067005877617923,169.0,"(3032.3076923076924, 1687.189349112426)",0.7676433742914698
3362,268.9763779527566,19.22571464734747,16.0,"(3028.375, 370.5)",0.4100037556528093
3363,4392.375,16.193251472465953,10.0,"(3026.6, 917.8)",0.8500612866300705
3364,-2379.6692913385778,nan,27.0,"(3030.296296296296, 475.14814814814815)",0.7534262870566241
3365,3090.2784313725497,16.575005973152255,44.0,"(3030.318181818182, 1817.159090909091)",0.3252162272797417
3366,3688.4501992031874,16.382890189831656,36.0,"(3030.9166666666665, 730.1944444444445)",0.7372321023695195
3367,2442.8690476190477,16.830249532956042,9.0,"(3029.222222222222, 912.2222222222222)",0.7087034045778583
3368,498.1259842519685,18.556652007830706,14.0,"(3031.3571428571427, 84.35714285714286)",0.7750667996966731
3369,124015.8449612403,12.566307058473202,373.0,"(3039.857908847185, 101.8686327077748)",0.4243886445464059
3370,-1726.3585657370513,nan,9.0,"(3032.8888888888887, 927.2222222222222)",0.8287549198892747
3371,-5774.565217391297,nan,92.0,"(3036.608695652174, 2109.1304347826085)",0.7396512552646487
3372,-2006.0308880308876,nan,8.0,"(3033.625, 843.75)",0.8980908452119957
3373,694.2283464566935,18.19624414340602,20.0,"(3035.9, 530.65)",0.5769448626537961
3374,15074.0,14.854428722660574,141.0,"(3041.5390070921985, 2147.127659574468)",0.609074497868632
3375,-4673.095238095237,nan,10.0,"(3035.9, 778.5)",0.9423376324339819
3376,3236.301470588238,16.524877573555912,12.0,"(3037.0, 918.0)",0.816496580927726
3377,3253.858870967735,16.51900321891671,56.0,"(3038.714285714286, 2249.0)",0.5582621243275292
3378,2941.232,16.628676794099597,9.0,"(3039.5555555555557, 1675.0)",0.8671032092639515
3379,-2484.125,nan,15.0,"(3039.3333333333335, 1841.3333333333333)",0.8263111630235417
3380,45354.338582677156,13.65845290533601,274.0,"(3047.492700729927, 432.2883211678832)",0.4198013834814673
3381,2497.588235294126,16.806197899972716,70.0,"(3044.385714285714, 471.37142857142857)",0.528151388349802
3382,515.6111111111095,18.519194331078545,18.0,"(3042.277777777778, 494.05555555555554)",0.6908113431846629
3383,-11065.058823529398,nan,58.0,"(3044.396551724138, 890.6724137931035)",0.8976756446959591
3384,273.4883720930229,19.20765283459867,10.0,"(3041.9, 2057.9)",0.8528549559343633
3385,-6577.700787401576,nan,17.0,"(3044.0, 593.3529411764706)",0.7376433061167326
3386,8752.741035856568,15.444639801635525,69.0,"(3046.0289855072465, 727.3188405797101)",0.652761601897186
3387,194.81853281853364,19.57592432914171,8.0,"(3044.75, 904.375)",0.838338226081819
3388,-2568.346456692914,nan,10.0,"(3045.7, 701.5)",0.8488238081849976
3389,6062.4103585657285,15.843386675022892,80.0,"(3049.7875, 129.8875)",0.6826674207050726
3390,6464.296442687744,15.773696839250348,114.0,"(3049.9122807017543, 375.4122807017544)",0.7634567403746442
3391,6735.605577689246,15.729058380243831,66.0,"(3050.9545454545455, 1724.2272727272727)",0.8086593963198049
3392,-12601.558139534882,nan,9.0,"(3049.1111111111113, 86.0)",0.8896435788048436
3393,4190.3203125,16.24438194459247,12.0,"(3048.1666666666665, 921.5)",0.7232822929741809
3394,-8824.248062015504,nan,10.0,"(3049.1, 1733.9)",0.8766548933449889
3395,642.7984496124045,18.27981294849291,14.0,"(3048.8571428571427, 2109.1428571428573)",0.8456762518477497
3396,1010.6046511627901,17.788546768287993,29.0,"(3050.862068965517, 2087.862068965517)",0.5091071938874665
3397,32846.28235294117,14.008784445395207,110.0,"(3056.4, 872.6636363636363)",0.7230914766107174
3398,5798.235741444863,15.891760328296227,47.0,"(3053.978723404255, 834.9574468085107)",0.7346237381431029
3399,-305332.2941176471,nan,143.0,"(3058.1748251748254, 1773.048951048951)",0.9614081240629325
3400,1215.445736434107,17.58816106365443,32.0,"(3053.75, 628.65625)",0.5867310108173096
3401,-796.4285714285725,nan,18.0,"(3053.9444444444443, 800.6666666666666)",0.763706041733742
3402,4636.003937007874,16.134640509736986,109.0,"(3057.8348623853212, 1853.4128440366972)",0.09039304495754731
3403,558.2857142857138,18.432858712418806,27.0,"(3059.222222222222, 2020.7777777777778)",0.4223786877537083
3404,1002.539682539682,17.797246070293312,41.0,"(3061.0975609756097, 331.6585365853659)",0.7593824259059682
3405,511949.4505928855,11.02693229683954,1229.0,"(3077.7827502034174, 728.0227827502034)",0.5640569058120406
3406,-1064.2117647058803,nan,26.0,"(3059.8076923076924, 826.7692307692307)",0.5149809195626187
3407,2172.58984375,16.957555637499652,8.0,"(3059.25, 883.75)",0.7384255845247096
3408,2790.322709163346,16.685863915916222,10.0,"(3058.9, 892.2)",0.6546536707079772
3409,-4655.1640625,nan,10.0,"(3062.5, 902.6)",0.8900409788918973
3410,-5872.435294117648,nan,10.0,"(3067.4, 25.1)",0.937736562630451
3411,-33684.56972111558,nan,298.0,"(3076.7919463087246, 1804.1476510067114)",0.7185498696041223
3412,4615.74609375,16.13939522293895,41.0,"(3068.3414634146343, 2150.7073170731705)",0.7288379699033144
3413,944.7874015748021,17.861664766320352,16.0,"(3068.6875, 366.875)",0.4787879062669321
3414,-4005.2790697674427,nan,8.0,"(3067.875, 1700.875)",0.9301030369550042
3415,825.9448818897636,18.007622334150092,9.0,"(3068.0, 1787.3333333333333)",0.7888954830250753
3416,2929.5905511810997,16.632982684429173,37.0,"(3071.6216216216217, 1741.3783783783783)",0.4991270943760527
3417,-1355.6666666666679,nan,17.0,"(3071.0588235294117, 2161.235294117647)",0.6788851461436654
3418,-2918.746031746032,nan,9.0,"(3071.777777777778, 608.7777777777778)",0.69693274533696
3419,872.3968871595316,17.94821473179298,15.0,"(3072.3333333333335, 2180.8)",0.7772413588463328
3420,1071.0632411067163,17.72546221355338,27.0,"(3072.925925925926, 2192.6296296296296)",0.1437527929751602
3421,10362.447470817118,15.26134414488996,19.0,"(3074.315789473684, 920.2631578947369)",0.8843191508776653
3422,100211.68235294113,12.79770411718801,543.0,"(3090.633517495396, 778.8268876611418)",0.5380042847517518
3423,9492.779527559062,15.356516514048483,366.0,"(3084.3579234972676, 1777.0)",0.8544211634565535
3424,9268.237154150196,15.382507155207671,16.0,"(3075.9375, 913.1875)",0.8339474128872179
3425,-10906.951219512193,nan,8.0,"(3075.5, 1705.0)",0.9771710102295192
3426,-4469.194552529181,nan,21.0,"(3077.714285714286, 2071.5714285714284)",0.763312639336201
3427,-356226.968503937,nan,110.0,"(3081.7909090909093, 1711.5)",0.9619650258010709
3428,28540.313725490196,14.161353143181287,115.0,"(3083.573913043478, 875.2086956521739)",0.5790819430830528
3429,16304.438735177857,14.769235366939695,210.0,"(3088.5666666666666, 394.85714285714283)",0.7732960682599516
3430,-6378.421875,nan,12.0,"(3082.5, 195.16666666666666)",0.7365297936443783
3431,-6578.463414634145,nan,8.0,"(3083.0, 1924.5)",0.7882572040605835
3432,-2972.5234375,nan,9.0,"(3083.8888888888887, 505.8888888888889)",0.8836827247819196
3433,12918.415019762848,15.021976918328429,76.0,"(3086.2368421052633, 2023.2105263157894)",0.667126295150724
3434,-5663.37109375,nan,17.0,"(3088.529411764706, 137.23529411764707)",0.8019013702066682
3435,724.5096525096524,18.149889560320688,8.0,"(3086.625, 623.75)",0.747102836415358
3436,-6954.980079681274,nan,10.0,"(3090.2, 2154.1)",0.807853384656898
3437,638.0238095238092,18.28790778536063,9.0,"(3089.1111111111113, 2287.5555555555557)",0.5665577237325317
3438,5119.0697674418625,16.027022378601167,87.0,"(3095.9080459770116, 800.1264367816092)",0.5240655052391817
3439,-4703.6796875,nan,8.0,"(3091.25, 1738.75)",0.9212095923822636
3440,-5886.54330708662,nan,37.0,"(3095.2432432432433, 222.78378378378378)",0.8379754521550649
3441,-9245.592156862745,nan,12.0,"(3094.8333333333335, 172.33333333333334)",0.8923881569460719
3442,-1585.2823529411762,nan,29.0,"(3096.344827586207, 1823.3103448275863)",0.8106083733852115
3443,4397.866412213742,16.19189491681481,16.0,"(3096.9375, 2106.9375)",0.7178548780478772
3444,-18237.88416988417,nan,16.0,"(3101.25, 46.625)",0.9477849325780692
3445,-26450.147410358564,nan,27.0,"(3100.962962962963, 1760.5925925925926)",0.8584598220009984
3446,-3018.625,nan,44.0,"(3104.068181818182, 1836.1363636363637)",0.6483863773613482
3447,6236.529411764714,15.812642562905815,60.0,"(3103.3333333333335, 2256.616666666667)",0.4983099591024029
3448,5439.857707509887,15.961031150410566,72.0,"(3105.1805555555557, 570.2361111111111)",0.660095811565911
3449,6395.078740157478,15.785385259626583,96.0,"(3109.0, 892.3541666666666)",0.6781700002840748
3450,2146.7250996015937,16.97055891472437,74.0,"(3110.0810810810813, 873.2297297297297)",0.6845864803622612
3451,1965.3385214007794,17.066406583559782,9.0,"(3103.777777777778, 881.6666666666666)",0.31300087457733927
3452,-6207.024193548386,nan,20.0,"(3105.7, 727.0)",0.7637867146343924
3453,714.8046875,18.1645315204219,24.0,"(3105.5833333333335, 1921.3333333333333)",0.3375689585893571
3454,9705.284046692599,15.332479373742633,79.0,"(3108.8734177215188, 798.1012658227849)",0.4125876194736735
3455,-5429.341463414636,nan,8.0,"(3107.0, 904.5)",0.9321841217618456
3456,336.65060240963794,18.982051510149248,28.0,"(3107.714285714286, 1728.0357142857142)",0.6134784598513888
3457,-1913.9461538461546,nan,12.0,"(3109.0, 612.0833333333334)",0.8303166603721494
3458,26015.490039840646,14.261919972796347,152.0,"(3116.5460526315787, 744.0592105263158)",0.46210475952197855
3459,-9548.9375,nan,12.0,"(3110.3333333333335, 1845.5833333333333)",0.8260415934631067
3460,-8039.956521739132,nan,8.0,"(3111.875, 2151.375)",0.9708203324760651
3461,-3690.028571428571,nan,29.0,"(3113.1724137931033, 2301.9655172413795)",0.299062560839617
3462,274.14285714285506,19.20505766319697,22.0,"(3115.681818181818, 189.5)",0.2646825689234588
3463,-3101.038461538461,nan,12.0,"(3114.9166666666665, 355.0)",0.6600202919697005
3464,20716.675889328064,14.509199821006238,276.0,"(3128.873188405797, 429.18840579710144)",0.6953735796502717
3465,-3517.7859922178905,nan,59.0,"(3123.135593220339, 596.0338983050848)",0.7844982984834626
3466,2339.5625,16.877163371004727,20.0,"(3120.8, 790.2)",0.7503491865977778
3467,-6294.094488188981,nan,27.0,"(3121.814814814815, 819.0)",0.5987485084826354
3468,119661.54330708657,12.605113500612974,485.0,"(3130.3752577319588, 1752.3484536082474)",0.7403318493211115
3469,12850.223529411756,15.02772329430531,99.0,"(3126.1717171717173, 808.1616161616162)",0.5473771243278457
3470,25793.761363636353,14.271213306116884,111.0,"(3126.009009009009, 855.972972972973)",0.6739724671142672
3471,32082.02000000002,14.034345736939553,85.0,"(3129.494117647059, 1711.0470588235294)",0.8347433042774538
3472,10322.59599999999,15.265527673754516,93.0,"(3129.7634408602153, 781.1397849462365)",0.41015550801635803
3473,1764.751968503937,17.183290812488586,8.0,"(3125.625, 868.625)",0.20412414523193195
3474,-48261.600000000035,nan,220.0,"(3136.572727272727, 904.6318181818182)",0.8183606203380094
3475,-3207.09486166008,nan,13.0,"(3126.076923076923, 178.46153846153845)",0.7591456843373159
3476,-1989.7884615384628,nan,12.0,"(3126.0833333333335, 2287.9166666666665)",0.5596807541116127
3477,859.3046875,17.96463204782059,13.0,"(3127.5384615384614, 98.76923076923077)",0.8186781252898286
3478,5565.138996138996,15.936309960397613,8.0,"(3127.625, 679.75)",0.8124097554365945
3479,-9698.767999999996,nan,11.0,"(3129.4545454545455, 885.0)",0.95641289129866
3480,-2069.1181102362207,nan,9.0,"(3132.1111111111113, 917.3333333333334)",0.8949421673489057
3481,-5281.504000000001,nan,22.0,"(3133.3636363636365, 828.5)",0.6825170025344451
3482,-1157.9677419354848,nan,13.0,"(3133.0, 1720.5384615384614)",0.6942374600040706
3483,-2192.1317829457366,nan,8.0,"(3134.125, 2260.875)",0.8369226226520929
3484,-5906.929411764708,nan,10.0,"(3136.3, 96.6)",0.9041719972101961
3485,12166.7734375,15.087061447620927,110.0,"(3139.681818181818, 568.7272727272727)",0.5214044272242756
3486,3011.1984126984125,16.60315156795916,8.0,"(3135.625, 2172.0)",0.7329211626115263
3487,-5022.755905511811,nan,8.0,"(3138.875, 713.5)",0.9695802651777298
3488,-4279.773809523816,nan,139.0,"(3145.3021582733813, 2287.9208633093526)",0.8791172828711147
3489,5331.540000000001,15.98286832035083,34.0,"(3143.264705882353, 1774.9117647058824)",0.7616790405776497
3490,2526.047244094487,16.793896327981347,48.0,"(3144.5416666666665, 530.3541666666666)",0.7038025095685014
3491,-3009.152000000002,nan,26.0,"(3146.3076923076924, 809.0)",0.46907546473205647
3492,1246.7795275590615,17.56052584390973,103.0,"(3147.854368932039, 892.8252427184466)",0.7975607506754091
3493,-7938.343999999997,nan,28.0,"(3146.6071428571427, 107.0)",0.6533840698616263
3494,36087.724000000046,13.906601268487304,340.0,"(3150.935294117647, 756.5235294117647)",0.8790175508945324
3495,-3176.611764705882,nan,10.0,"(3146.6, 238.3)",0.5519336316740886
3496,2224.610894941634,16.931864850423906,9.0,"(3147.6666666666665, 2181.222222222222)",0.7465768876547998
3497,-5183.9453125,nan,8.0,"(3149.5, 1722.25)",0.9469139798601449
3498,5809.842519685044,15.88958909835236,120.0,"(3157.275, 322.525)",0.7344341987123856
3499,19219.76953125,14.590629560907301,80.0,"(3157.5625, 2199.7)",0.6385855997328969
3500,149480.19999999995,12.363540824372727,507.0,"(3164.7475345167654, 1784.9112426035504)",0.6640922553696222
3501,2906.804000000002,16.641460627134116,9.0,"(3154.0, 2184.777777777778)",0.9231922509890886
3502,72402.9296875,13.150609650758076,362.0,"(3165.704419889503, 2227.6325966850827)",0.5721871167110978
3503,73554.63779527566,13.133474846926582,699.0,"(3169.8884120171674, 472.53361945636624)",0.7765770946199912
3504,3505.820717131486,16.43802574224798,68.0,"(3160.235294117647, 211.11764705882354)",0.5919690569546374
3505,-2516.1732283464553,nan,9.0,"(3160.6666666666665, 866.8888888888889)",0.9267570822826168
3506,972.960629921261,17.829761831893038,15.0,"(3163.6, 501.1333333333333)",0.6805096066215853
3507,1189.2160000000003,17.611848140811702,10.0,"(3162.4, 877.0)",0.7963330593811955
3508,2249.968992248061,16.91955866759755,16.0,"(3162.875, 2029.875)",0.7607381292684382
3509,7320.391304347824,15.63866425883732,67.0,"(3166.820895522388, 2290.2388059701493)",0.6207515321362872
3510,671.5039370078739,18.232378591830003,8.0,"(3165.625, 899.5)",0.9257125145144136
3511,-3869.190476190477,nan,9.0,"(3164.8888888888887, 1672.4444444444443)",0.9119228339860663
3512,-12365.965116279069,nan,11.0,"(3167.2727272727275, 815.2727272727273)",0.9204897886760106
3513,20123.740458015265,14.54072823134459,134.0,"(3172.0522388059703, 573.0149253731344)",0.6648547973593233
3514,4357.304347826081,16.201955261300608,63.0,"(3171.0158730158732, 1752.6507936507937)",0.5755494362465202
3515,3522.2310756972147,16.432955388945533,56.0,"(3172.0714285714284, 1740.232142857143)",0.6482912535050966
3516,13380.692307692305,14.98380353973284,41.0,"(3172.439024390244, 2060.512195121951)",0.48870943974009246
3517,141.20392156862727,19.92538310431597,9.0,"(3170.5555555555557, 138.77777777777777)",0.6529455904371833
3518,2558.5714285714275,16.780006135413064,42.0,"(3173.3333333333335, 450.92857142857144)",0.7458402870882908
3519,-2729.1388888888905,nan,31.0,"(3173.032258064516, 527.7741935483871)",0.624788103337616
3520,1943.7450199203158,17.07840176583979,16.0,"(3173.0625, 799.3125)",0.7162983314633157
3521,22295.21739130435,14.429470721676426,233.0,"(3180.8283261802576, 1882.7854077253219)",0.3523368709146861
3522,875.565217391304,17.944278748742068,33.0,"(3174.818181818182, 309.09090909090907)",0.678999273052568
3523,-2441.2992125984238,nan,18.0,"(3173.5, 1985.7222222222222)",0.7061317450749635
3524,-6168.920634920636,nan,13.0,"(3175.153846153846, 1859.7692307692307)",0.8627760542921683
3525,-181.53731343283653,nan,8.0,"(3175.5, 907.5)",0.9154012214433577
3526,22428.24193548388,14.423011919435584,233.0,"(3185.497854077253, 539.0429184549356)",0.13412138404791196
3527,6823.304347826087,15.715013142358059,9.0,"(3178.6666666666665, 587.5555555555555)",0.8940475202532329
3528,-905.1541501976317,nan,50.0,"(3182.88, 901.36)",0.8190575561414827
3529,8713.329317269076,15.449539679114856,21.0,"(3180.4761904761904, 909.047619047619)",0.7623643786447976
3530,8908.095057034225,15.425537893294267,121.0,"(3183.96694214876, 1938.0661157024792)",0.4683488667349324
3531,-1100.5576923076915,nan,12.0,"(3182.0, 1680.9166666666667)",0.700682702750899
3532,1328.2127659574471,17.491830874769683,19.0,"(3185.9473684210525, 1.0)",0.9023521961543529
3533,333.463320463321,18.99237982413205,13.0,"(3185.4615384615386, 165.53846153846155)",0.6679839554812294
3534,-2551.166666666668,nan,8.0,"(3184.75, 914.875)",0.9228014412645875
3535,3117.3488372093125,16.565536491582275,57.0,"(3189.719298245614, 364.70175438596493)",0.7428667723071115
3536,242944.41269841278,11.836232711271434,765.0,"(3202.5006535947714, 426.66143790849674)",0.7008585790586388
3537,1032.3100775193798,17.76547458252594,11.0,"(3186.7272727272725, 494.72727272727275)",0.8029966139691335
3538,8210.658823529404,15.51405498419781,75.0,"(3192.6, 1699.4533333333334)",0.6337574709618771
3539,-22557.03937007874,nan,26.0,"(3190.1923076923076, 555.1538461538462)",0.8820233247147797
3540,1692.3937007873974,17.22874649953356,44.0,"(3191.159090909091, 1794.5227272727273)",0.6608917833920058
3541,5028.743083003952,16.046351379472178,69.0,"(3193.391304347826, 51.85507246376812)",0.6697421446804996
3542,-2351.296442687748,nan,12.0,"(3190.5833333333335, 1739.4166666666667)",0.8474640731416963
3543,-6842.805555555555,nan,8.0,"(3190.625, 905.0)",0.899999315564985
3544,28408.39453125,14.166383273130242,147.0,"(3199.598639455782, 909.6802721088435)",0.5688601739525382
3545,3288.699604743084,16.507439484703596,14.0,"(3193.1428571428573, 897.4285714285714)",0.787947705710214
3546,-1117.707509881422,nan,11.0,"(3196.818181818182, 881.0909090909091)",0.29770866338273405
3547,-1015.070866141732,nan,10.0,"(3196.5, 890.7)",0.8047330749444414
3548,657.4285714285688,18.255378564204086,20.0,"(3198.0, 1973.8)",0.8196430481079644
3549,-1566.0232558139687,nan,62.0,"(3202.7258064516127, 876.4032258064516)",0.8801351629054667
3550,-1559.2705882352966,nan,40.0,"(3202.625, 129.55)",0.7077013023129021
3551,3306.760000000002,16.501493311066227,35.0,"(3203.4, 2235.057142857143)",0.4372709460108492
3552,-9871.785714285714,nan,10.0,"(3203.0, 738.2)",0.9210358678402877
3553,1718.9565217391282,17.211837769898974,22.0,"(3204.5454545454545, 1768.909090909091)",0.8518025734618115
3554,18320.558139534885,14.642653248991962,103.0,"(3210.902912621359, 1685.106796116505)",0.6611542624325405
3555,247.45019920318737,19.316280480588716,9.0,"(3207.222222222222, 279.1111111111111)",0.8271049045234626
3556,27842.869565217392,14.188215017829979,150.0,"(3213.8933333333334, 812.3)",0.39033753243989694
3557,1438.2352941176505,17.405425144796585,25.0,"(3209.4, 461.4)",0.6781463022395294
3558,547.1976744186031,18.454639392571615,19.0,"(3212.8947368421054, 259.0)",0.6110459178516138
3559,-2732.623076923075,nan,28.0,"(3214.0714285714284, 191.0)",0.587384299783345
3560,1902.705882352937,17.10157084791499,35.0,"(3214.3714285714286, 448.42857142857144)",0.4558388679847027
3561,-9393.071428571431,nan,15.0,"(3212.8, 1807.8666666666666)",0.8055923727995496
3562,-45418.71653543308,nan,55.0,"(3216.6, 730.8727272727273)",0.8839248916800445
3563,880.9047619047615,17.937677605856997,8.0,"(3214.125, 758.25)",0.8567483762768627
3564,3304.6399999999994,16.502189611647946,22.0,"(3214.5, 793.3636363636364)",0.6390135639108389
3565,-5452.120000000003,nan,43.0,"(3216.3023255813955, 1847.0232558139535)",0.59494431729412
3566,-2560.78125,nan,15.0,"(3216.6666666666665, 2071.133333333333)",0.7642777333986325
3567,559.0513833992081,18.431370683767053,22.0,"(3217.181818181818, 2120.909090909091)",0.9181266141677956
3568,6600.023809523809,15.751136244355118,9.0,"(3217.777777777778, 710.7777777777778)",0.9157407553714209
3569,1847.5546875,17.133506744135317,12.0,"(3217.5, 916.8333333333334)",0.7346616112906436
3570,6244.549019607843,15.811247302098922,9.0,"(3217.5555555555557, 950.2222222222222)",0.8744085457546446
3571,-53673.50197628458,nan,155.0,"(3227.632258064516, 832.516129032258)",0.5033058908158466
3572,1422.3100775193798,17.417514282089783,8.0,"(3221.0, 775.125)",0.7565294513746146
3573,3176.795275590557,16.545026929524937,36.0,"(3223.472222222222, 2225.3055555555557)",0.40752678483424015
3574,-28823.277108433744,nan,48.0,"(3225.5, 5.604166666666667)",0.9020006876539268
3575,4114.078431372545,16.26431858277751,58.0,"(3226.310344827586, 79.48275862068965)",0.6106232198509655
3576,3614.3492063492067,16.40492472416385,9.0,"(3224.1111111111113, 2171.4444444444443)",0.8046998593732936
3577,-5817.964566929135,nan,12.0,"(3226.3333333333335, 443.0)",0.8578401078852992
3578,5196.2558139534885,16.01077369141206,12.0,"(3226.0, 946.8333333333334)",0.635327236950331
3579,-11880.71428571429,nan,18.0,"(3228.777777777778, 883.8333333333334)",0.8910342293191128
3580,1087.6904761904734,17.708736685324496,12.0,"(3231.0833333333335, 1764.5)",0.4479903702408301
3581,-12271.78431372549,nan,31.0,"(3234.8387096774195, 115.90322580645162)",0.7978229939394004
3582,4530.398406374501,16.15965901037533,12.0,"(3232.9166666666665, 915.6666666666666)",0.8011793367567818
3583,924.576470588232,17.885142907635604,34.0,"(3237.8823529411766, 449.8235294117647)",0.7239621152695085
3584,579.6877470355721,18.39201469823245,27.0,"(3238.8518518518517, 1971.3703703703704)",0.6053595392982054
3585,-10403.941176470591,nan,12.0,"(3238.3333333333335, 860.1666666666666)",0.9121578278869237
3586,5685.507874015748,15.91307683666187,49.0,"(3243.7755102040815, 604.795918367347)",0.8609757332586303
3587,10772.5625,15.219202443881912,128.0,"(3244.484375, 1777.2421875)",0.5606823562707884
3588,1957.7906976744162,17.070584348369685,28.0,"(3240.6428571428573, 2231.25)",0.5788886433440732
3589,4390.7647058823495,16.19364958856156,18.0,"(3241.8333333333335, 721.1111111111111)",0.8927963032563246
3590,-5021.05577689243,nan,16.0,"(3244.3125, 542.0625)",0.4509434599842473
3591,-12442.448818897632,nan,20.0,"(3245.85, 2058.55)",0.8860183022459038
3592,-14193.6640625,nan,9.0,"(3246.6666666666665, 2153.6666666666665)",0.9293610002222602
3593,-12779.66796875,nan,19.0,"(3248.2631578947367, 56.78947368421053)",0.6901245027956587
3594,1832.7401574803225,17.14224776036012,73.0,"(3252.1917808219177, 1883.7397260273972)",0.44197557189633413
3595,-38170.79296875,nan,62.0,"(3249.1290322580644, 1958.0645161290322)",0.9208559886952119
3596,3843.0,16.33832403883913,13.0,"(3249.230769230769, 637.1538461538462)",0.8935209584287531
3597,-1706.5961538461543,nan,11.0,"(3250.090909090909, 585.0)",0.5808680323966853
3598,-3786.6972111553805,nan,15.0,"(3252.733333333333, 491.06666666666666)",0.5872387924065473
3599,-4570.52,nan,23.0,"(3255.0, 2135.2608695652175)",0.5195403911436396
3600,140.5,19.930809189397255,15.0,"(3254.266666666667, 323.3333333333333)",0.5526820968472154
3601,-6059.645161290322,nan,19.0,"(3256.5263157894738, 182.0)",0.7837173445444829
3602,-2237.358267716536,nan,16.0,"(3256.1875, 569.0)",0.6315829785733063
3603,-11522.559055118094,nan,86.0,"(3258.8372093023254, 1730.9651162790697)",0.8751318210818618
3604,-6508.0703125,nan,8.0,"(3255.25, 1913.75)",0.9013878188659973
3605,4058.94422310757,16.278967291491856,15.0,"(3258.133333333333, 913.7333333333333)",0.6570743354562294
3606,-6694.507751937985,nan,9.0,"(3256.1111111111113, 2004.0)",0.9151435394961448
3607,358.7035573122557,18.9131607908622,15.0,"(3259.2, 372.93333333333334)",0.7599857435278802
3608,-4241.511811023622,nan,9.0,"(3257.6666666666665, 968.1111111111111)",0.9401653321814759
3609,-5062.666666666664,nan,8.0,"(3258.75, 501.875)",0.8567483762768627
3610,5073.751937984489,16.036676924475728,111.0,"(3265.0, 456.8828828828829)",0.6174223060597702
3611,-1139.8804780876526,nan,30.0,"(3262.733333333333, 1686.9333333333334)",0.7968989042065109
3612,-3741.8461538461524,nan,14.0,"(3264.0714285714284, 608.0714285714286)",0.8179378497708634
3613,-25736.59375,nan,21.0,"(3265.3333333333335, 1794.3333333333333)",0.8957668357032799
3614,7738.143396226413,15.578408066475928,94.0,"(3268.0106382978724, 1710.0425531914893)",0.5215789080865219
3615,307.125,19.081712076279658,15.0,"(3266.3333333333335, 444.73333333333335)",0.8818178745865625
3616,311.39600000000064,19.06671742602447,19.0,"(3265.0, 860.7368421052631)",0.43577737201346506
3617,-1172.8515625,nan,8.0,"(3265.25, 911.75)",0.9212095923822636
3618,3044.8203125,16.591095829492644,13.0,"(3267.5384615384614, 972.7692307692307)",0.7694259042216582
3619,585.1183206106871,18.381890758758576,21.0,"(3269.095238095238, 1887.047619047619)",0.6431964361962486
3620,-363673.71830985916,nan,105.0,"(3281.133333333333, 2306.7238095238095)",0.9835985664854913
3621,5581.1906614785985,15.933182852768683,109.0,"(3273.7798165137615, 111.58715596330275)",0.5623711522872559
3622,-5165.790513833992,nan,8.0,"(3270.625, 961.125)",0.9708203324760651
3623,-58188.653846153844,nan,83.0,"(3277.5301204819275, 977.433734939759)",0.8226138514943211
3624,2508.3600000000006,16.80152533348533,22.0,"(3273.7272727272725, 2281.090909090909)",0.7621120111092621
3625,7982.3107569721105,15.544678422083097,33.0,"(3274.939393939394, 754.4242424242424)",0.5468563605114007
3626,-5250.035294117646,nan,10.0,"(3274.1, 896.4)",0.9422833671160422
3627,1125.7011952191242,17.671442181990717,33.0,"(3276.242424242424, 962.030303030303)",0.7899009567404233
3628,-2114.4523809523816,nan,18.0,"(3275.222222222222, 1775.8333333333333)",0.8953460520244034
3629,19709.92156862747,14.56328775974534,220.0,"(3282.840909090909, 486.15)",0.4898889133949641
3630,9557.625482625488,15.349124978484452,101.0,"(3282.4356435643563, 73.5049504950495)",0.4697816880712408
3631,-2845.3779527559054,nan,19.0,"(3278.684210526316, 160.0)",0.6129896165446767
3632,4784.719999999999,16.100358679729823,9.0,"(3277.5555555555557, 761.0)",0.8618210371134536
3633,6563.281746031746,15.757197380291519,77.0,"(3282.038961038961, 838.3376623376623)",0.5188413627805917
3634,-2902.6719999999987,nan,24.0,"(3280.5416666666665, 211.95833333333334)",0.8077744683710764
3635,-5550.185770750988,nan,11.0,"(3280.6363636363635, 613.0909090909091)",0.6635453785974342
3636,-12988.69322709163,nan,12.0,"(3280.9166666666665, 1929.3333333333333)",0.8737213027941807
3637,2422.2061068702315,16.839472263151656,62.0,"(3284.9193548387098, 199.96774193548387)",0.6527203629867732
3638,-2692.71875,nan,13.0,"(3283.5384615384614, 182.76923076923077)",0.7393538678026679
3639,-7463.590551181103,nan,11.0,"(3284.3636363636365, 630.6363636363636)",0.8703075242565526
3640,62.870588235295145,20.80388119061699,20.0,"(3285.6, 1680.4)",0.8189904148392456
3641,-2874.5647058823524,nan,27.0,"(3286.4444444444443, 524.7777777777778)",0.5788481872264883
3642,2636.68359375,16.747354957781305,9.0,"(3284.8888888888887, 986.1111111111111)",0.7943886104534382
3643,2903.8911290322576,16.64254917494609,37.0,"(3288.4594594594596, 661.972972972973)",0.5209086549171432
3644,1635.4890109890111,17.265880923990984,9.0,"(3286.1111111111113, 2301.1111111111113)",0.639847293570111
3645,-2416.3565891472863,nan,19.0,"(3289.7894736842104, 745.6842105263158)",0.5255267513875241
3646,-247.77777777777737,nan,10.0,"(3287.9, 981.5)",0.309570810281795
3647,4235.48828125,16.23274128881804,10.0,"(3288.2, 1590.7)",0.9075152237207362
3648,-6338.494163424126,nan,9.0,"(3288.3333333333335, 1935.7777777777778)",0.8823032091820001
3649,-3155.798418972332,nan,8.0,"(3289.125, 90.375)",0.8537954490857292
3650,9717.458167330675,15.331118300715643,38.0,"(3292.0526315789475, 924.3421052631579)",0.6192240541251789
3651,4925.552123552123,16.068862701863964,8.0,"(3288.25, 1571.625)",0.747102836415358
3652,7054.492063492056,15.678835626979597,76.0,"(3291.6315789473683, 2133.065789473684)",0.6424538978550461
3653,4774.878048780491,16.102594289738825,25.0,"(3290.0, 2298.24)",0.7603708486426249
3654,4221.720472440945,16.236276313700294,9.0,"(3290.6666666666665, 990.1111111111111)",0.5342048197273573
3655,1302.628458498024,17.51294859508846,11.0,"(3290.090909090909, 2066.3636363636365)",0.876435291764713
3656,-282205.4166666666,nan,334.0,"(3302.122754491018, 809.4251497005988)",0.913222123735727
3657,16946.152671755728,14.727322213133597,157.0,"(3296.955414012739, 1890.0891719745223)",0.5677226517055645
3658,434.3385826771664,18.7054289754113,9.0,"(3292.1111111111113, 51.666666666666664)",0.6945875203623408
3659,262.49253731343197,19.25220759778475,8.0,"(3292.5, 301.5)",0.0
3660,2307.8685258964106,16.891972338990136,43.0,"(3294.2558139534885, 600.0930232558139)",0.6776608145226399
3661,-20090.90039840639,nan,96.0,"(3300.0833333333335, 1580.6875)",0.378338921970064
3662,331.0894941634233,19.000136499186283,12.0,"(3293.4166666666665, 1972.25)",0.6461621652955032
3663,1565.1280000000006,17.31362534749752,9.0,"(3294.5555555555557, 973.0)",0.8382157334209792
3664,3693.0650406504064,16.381532609191783,8.0,"(3294.5, 1016.0)",0.816496580927726
3665,784.19140625,18.063944803325484,10.0,"(3294.8, 1595.7)",0.8566172835096215
3666,-308.796875,nan,10.0,"(3295.2, 989.3)",0.9034001577989087
3667,-34125.37698412699,nan,18.0,"(3299.1111111111113, 984.5555555555555)",0.9190191147640455
3668,15682.223938223935,14.811480872048108,160.0,"(3304.45625, 1708.54375)",0.2802668033364042
3669,10305.568093385213,15.267320156965178,101.0,"(3302.732673267327, 2180.5742574257424)",0.34528949070647286
3670,1025.6666666666642,17.772484396180513,31.0,"(3305.1290322580644, 112.29032258064517)",0.8014162194569372
3671,2925.7795275590615,16.634396008216488,76.0,"(3308.1052631578946, 361.35526315789474)",0.5287912556779849
3672,6627.674418604642,15.746597085603243,91.0,"(3307.131868131868, 768.9120879120879)",0.7831380623595974
3673,2707.1463414634163,16.718720666842493,8.0,"(3305.0, 1654.5)",0.9325316965091067
3674,901.3690476190477,17.912743398442306,8.0,"(3303.875, 2294.75)",0.8843384945005575
3675,-60239.30350194557,nan,192.0,"(3314.3229166666665, 2033.7552083333333)",0.8898196856450504
3676,-101106.92885375489,nan,218.0,"(3312.6284403669724, 530.5871559633027)",0.8862534644608698
3677,-3593.873015873014,nan,9.0,"(3306.1111111111113, 974.4444444444445)",0.9416148704771851
3678,-14759.0234375,nan,16.0,"(3308.8125, 1588.3125)",0.8668768665546961
3679,3343.700787401569,16.489431481337935,29.0,"(3310.8275862068967, 901.2413793103449)",0.7331516987823877
3680,-2268.717647058824,nan,16.0,"(3312.625, 634.3125)",0.8245461291849501
3681,1494.1578947368398,17.364008765355102,53.0,"(3315.0377358490564, 405.0188679245283)",0.4100908926091428
3682,656.63671875,18.2566870885711,26.0,"(3314.846153846154, 453.9230769230769)",0.461204873116728
3683,-5174.370078740158,nan,11.0,"(3314.4545454545455, 781.8181818181819)",0.8148372286859653
3684,-7146.325581395347,nan,9.0,"(3315.0, 1620.888888888889)",0.7906969229158958
3685,-2096.3725490196084,nan,31.0,"(3315.516129032258, 1629.8387096774193)",0.58409835600023
3686,208.8685258964142,19.50031749578094,10.0,"(3314.9, 189.8)",0.6546536707079772
3687,-2211.287401574802,nan,11.0,"(3316.0, 956.8181818181819)",0.9197187527353626
3688,285.85770750988377,19.159625233795825,16.0,"(3316.0625, 1967.1875)",0.33187951378992886
3689,868.1627906976755,17.953497079706132,11.0,"(3317.7272727272725, 674.7272727272727)",0.7271095999859173
3690,10030.904761904763,15.296649732408737,56.0,"(3319.660714285714, 889.4821428571429)",0.6969661054281521
3691,21319.44488188975,14.478060269267363,84.0,"(3323.1785714285716, 910.7857142857143)",0.44120620019712375
3692,-2129.984435797669,nan,19.0,"(3318.0526315789475, 1767.157894736842)",0.852966328942465
3693,3223.3891050583698,16.529218165803478,28.0,"(3319.75, 718.3214285714286)",0.792051950239356
3694,501.77165354330646,18.548734692036632,29.0,"(3320.344827586207, 470.86206896551727)",0.717665482326079
3695,-5167.611764705882,nan,10.0,"(3318.6, 1669.1)",0.7484514619538956
3696,754.1511627906984,18.106353987493875,14.0,"(3319.1428571428573, 1758.0)",0.7954534783334827
3697,2739.40625,16.705858894310047,10.0,"(3319.4, 931.2)",0.5093759074726717
3698,-8389.76470588235,nan,24.0,"(3320.375, 986.1666666666666)",0.7479038773427377
3699,-8435.396761133597,nan,52.0,"(3323.480769230769, 423.9807692307692)",0.7760002689777828
3700,-2096.6889763779545,nan,30.0,"(3322.0666666666666, 787.1666666666666)",0.7662509805835409
3701,-31749.01587301586,nan,83.0,"(3331.9156626506024, 966.4096385542168)",0.6429527250606654
3702,827.5875486381337,18.005465130197095,9.0,"(3322.222222222222, 2266.6666666666665)",0.8849741162911976
3703,-42317.825396825385,nan,121.0,"(3329.8595041322315, 270.8099173553719)",0.6805516427330335
3704,1239.5279999999984,17.566859146003722,33.0,"(3324.4242424242425, 1872.0)",0.6969649339450038
3705,-6455.34251968504,nan,26.0,"(3328.1923076923076, 305.15384615384613)",0.4840306619302805
3706,755.629921259846,18.104227133291737,32.0,"(3329.34375, 644.125)",0.3873896164214387
3707,-12663.67716535434,nan,127.0,"(3332.7244094488187, 341.8267716535433)",0.8512254877911746
3708,-16068.003891050583,nan,24.0,"(3330.75, 974.7083333333334)",0.7866801365157688
3709,7790.654901960792,15.57106508227787,68.0,"(3334.176470588235, 1805.7205882352941)",0.7484415029878639
3710,9275.352272727265,15.381673967841241,140.0,"(3338.0, 100.97857142857143)",0.6345088105538712
3711,-19211.16015625,nan,11.0,"(3333.7272727272725, 1592.6363636363637)",0.9413556821785337
3712,1443.9723320158118,17.40110282053087,22.0,"(3334.8636363636365, 1793.1818181818182)",0.5176807301157301
3713,43462.513944223116,13.704712892431296,334.0,"(3341.3323353293413, 2071.9221556886228)",0.7199167560289615
3714,-12341.362204724399,nan,36.0,"(3337.1111111111113, 2212.3333333333335)",0.891345714814067
3715,274.4761904761908,19.20373830647992,8.0,"(3334.875, 630.25)",0.7884053195431427
3716,34062.88372093023,13.969296469979845,216.0,"(3341.7685185185187, 878.6805555555555)",0.5879966416254397
3717,672.06640625,18.231469531490916,8.0,"(3335.75, 845.25)",0.7384255845247096
3718,1849.282945736435,17.1324915885557,16.0,"(3336.25, 1645.4375)",0.7681604996647335
3719,2343.6117647058854,16.87528582635619,85.0,"(3339.5529411764705, 1711.6235294117646)",0.3233510263209549
3720,19958.105263157893,14.549701727863855,186.0,"(3345.521505376344, 442.97849462365593)",0.6408093566123839
3721,-12251.9921875,nan,14.0,"(3337.5, 957.2142857142857)",0.9578274479274664
3722,909.83266932271,17.90259618258179,15.0,"(3339.0666666666666, 366.26666666666665)",0.7343887778710586
3723,320.72799999999916,19.034657809762045,23.0,"(3339.0434782608695, 1989.2608695652175)",0.5108096500017411
3724,14102.426877470338,14.926765358645397,148.0,"(3344.6216216216217, 717.0878378378378)",0.7240398758057632
3725,-16581.87747035573,nan,8.0,"(3343.125, 124.375)",0.9654222746304915
3726,5894.314960629912,15.873916653736028,75.0,"(3345.72, 2262.16)",0.45379836703447457
3727,1183.7098039215707,17.61688688846471,18.0,"(3343.3333333333335, 24.166666666666668)",0.6989295601575878
3728,-5930.39534883721,nan,10.0,"(3343.9, 1598.1)",0.8766548933449889
3729,189.02400000000034,19.608707627055782,8.0,"(3344.0, 405.75)",0.7950972173652757
3730,4380.321428571435,16.19623504934875,69.0,"(3347.1014492753625, 528.6666666666666)",0.7094560110315887
3731,-2324.6796875,nan,26.0,"(3346.8076923076924, 1687.2692307692307)",0.6285354336366944
3732,-16125.95703125,nan,11.0,"(3344.6363636363635, 971.1818181818181)",0.9697802141266648
3733,-6497.980237154152,nan,12.0,"(3346.25, 1797.1666666666667)",0.8036491299218981
3734,21001.592000000004,14.494369457140289,203.0,"(3355.039408866995, 136.3152709359606)",0.5927194170150363
3735,-6306.492063492064,nan,28.0,"(3349.9285714285716, 741.5714285714286)",0.7379081945225598
3736,1218.15175097276,17.585746515495757,29.0,"(3352.6206896551726, 360.17241379310343)",0.6600840665046457
3737,-192530.81060606067,nan,197.0,"(3361.02538071066, 1713.030456852792)",0.915408627999494
3738,-5012.077205882353,nan,11.0,"(3354.0, 748.0)",0.8784003785322517
3739,-9894.885826771653,nan,9.0,"(3352.1111111111113, 956.6666666666666)",0.9553190655590431
3740,2550.5669291338563,16.783408189279115,47.0,"(3355.3617021276596, 1660.1702127659576)",0.6214483098131901
3741,-13664.256916996048,nan,12.0,"(3354.5833333333335, 929.5833333333334)",0.9247788679971509
3742,2355.215384615385,16.869923426143785,28.0,"(3356.9285714285716, 756.9285714285714)",0.6478535888141057
3743,-870.4235294117643,nan,9.0,"(3356.777777777778, 954.5555555555555)",0.8521653683186649
3744,585.4884615384617,18.381204148317444,22.0,"(3359.0, 2136.1363636363635)",0.6043633277395432
3745,-2797.751937984496,nan,11.0,"(3357.2727272727275, 2245.7272727272725)",0.4931793733863047
3746,-2181.68359375,nan,12.0,"(3358.75, 987.25)",0.9284010275450736
3747,642.8976377952749,18.279645424919504,19.0,"(3361.6315789473683, 220.6315789473684)",0.6964366740096978
3748,-12223.12355212355,nan,18.0,"(3361.0555555555557, 830.8888888888889)",0.750373107240719
3749,638.802371541502,18.286583700551652,9.0,"(3360.6666666666665, 2227.5555555555557)",0.9229099348869616
3750,855.2723735408581,17.969738890114655,23.0,"(3361.7391304347825, 1761.695652173913)",0.6945170016978794
3751,2696.8203125,16.722869973401927,31.0,"(3363.3225806451615, 2234.7419354838707)",0.7480326854731477
3752,-3146.5546875,nan,15.0,"(3363.133333333333, 181.66666666666666)",0.5857591446543435
3753,-28806.531746031746,nan,23.0,"(3362.782608695652, 963.9130434782609)",0.8871965637409007
3754,1384.6141732283431,17.446678067909687,47.0,"(3364.723404255319, 2148.1702127659573)",0.7663768679671299
3755,1163.8446215139447,17.63526249020189,17.0,"(3364.1176470588234, 803.7647058823529)",0.8309695419677624
3756,-400.0849420849445,nan,19.0,"(3371.8947368421054, 977.0526315789474)",0.7889307162269409
3757,-2586.4047619047633,nan,8.0,"(3370.75, 1752.875)",0.9009737787332339
3758,16722.231372549024,14.741764429663721,155.0,"(3375.5354838709677, 2159.3290322580647)",0.38248108300731526
3759,5648.624505928856,15.920143235412324,36.0,"(3373.1111111111113, 1578.4166666666667)",0.6096337599021285
3760,-1613.5945945945932,nan,40.0,"(3373.625, 1690.25)",0.5391472344746158
3761,4116.353846153848,16.26371824972366,48.0,"(3374.5, 2266.5625)",0.539792259067925
3762,276.28346456692816,19.196612766556278,12.0,"(3372.9166666666665, 993.1666666666666)",0.7911789857420557
3763,8096.831999999995,15.529212179359845,115.0,"(3378.8695652173915, 2023.7391304347825)",0.30587906897369826
3764,-6369.034615384615,nan,12.0,"(3375.0833333333335, 296.9166666666667)",0.8800158342499118
3765,990.3937007873974,17.810480326408573,42.0,"(3375.690476190476, 315.45238095238096)",0.5952253985832825
3766,1127.2086614173313,17.669989206969735,88.0,"(3378.125, 784.3977272727273)",0.639548018266656
3767,-5711.929133858266,nan,16.0,"(3377.1875, 940.0)",0.6914806771415821
3768,926.4470588235272,17.882948482734616,48.0,"(3377.6458333333335, 1852.7291666666667)",0.7341787019184051
3769,8456.376,15.48203928755609,25.0,"(3378.44, 1108.96)",0.4023494445976586
3770,-5681.35546875,nan,17.0,"(3378.0, 2240.823529411765)",0.6818988153661504
3771,11981.544747081716,15.103717964907538,57.0,"(3381.3684210526317, 1590.8070175438597)",0.5455709751878506
3772,2026.106299212599,17.033344433038533,18.0,"(3377.8333333333335, 1604.388888888889)",0.7389253357367693
3773,-2395.055999999997,nan,14.0,"(3378.9285714285716, 982.2857142857143)",0.5993109818373481
3774,1368.9961089494172,17.458994465611333,44.0,"(3381.75, 571.2954545454545)",0.6162136005392839
3775,1524.8671875,17.34191995185478,15.0,"(3379.266666666667, 757.3333333333334)",0.6957832454719807
3776,7275.556000000011,15.645334530423801,140.0,"(3385.7642857142855, 2087.0)",0.7718600698653508
3777,-7285.71875,nan,11.0,"(3382.818181818182, 918.2727272727273)",0.8601421015371872
3778,769.6377952755902,18.08428403292006,23.0,"(3384.086956521739, 2235.608695652174)",0.6132851333847328
3779,-6334.975609756097,nan,8.0,"(3384.5, 391.0)",0.7745966692414834
3780,4670.8914728682175,16.126500558328406,9.0,"(3385.0, 1076.111111111111)",0.6526300069150405
3781,3171.9768339768343,16.546674982857056,9.0,"(3384.4444444444443, 1104.5555555555557)",0.9003313035883193
3782,-3259.6692913385814,nan,23.0,"(3385.913043478261, 2037.391304347826)",0.6109546793005121
3783,15633.178571428565,14.814881778290863,118.0,"(3391.3474576271187, 70.97457627118644)",0.5511995224876522
3784,730.28125,18.14127462435855,10.0,"(3386.3, 81.8)",0.7662148937541976
3785,-1992.0,nan,22.0,"(3387.7272727272725, 841.0909090909091)",0.6322449749651323
3786,1906.9761904761908,17.099136823244137,8.0,"(3386.125, 978.75)",0.3247850501147345
3787,-4346.81640625,nan,10.0,"(3387.4, 992.2)",0.8561520213556487
3788,-9279.13385826772,nan,21.0,"(3390.2380952380954, 392.8095238095238)",0.7745854606454757
3789,6877.347826086957,15.706447525981423,9.0,"(3389.3333333333335, 1069.5555555555557)",0.6687313366284435
3790,-4254.3914728682175,nan,15.0,"(3391.266666666667, 1612.4)",0.7201738776548621
3791,-9549.968992248061,nan,21.0,"(3393.809523809524, 474.6190476190476)",0.7436020124182573
3792,-9449.805555555555,nan,8.0,"(3392.125, 2170.75)",0.8768017525194558
3793,-10904.229249011856,nan,9.0,"(3394.5555555555557, 987.6666666666666)",0.9435102809471633
3794,1055.0470588235294,17.741820422167887,25.0,"(3396.04, 614.84)",0.6083794745654034
3795,3654.078125,16.393055428929905,13.0,"(3395.5384615384614, 963.2307692307693)",0.8186781252898286
3796,249298.73228346457,11.808199824836594,596.0,"(3409.18288590604, 388.81208053691273)",0.15461108191362535
3797,2519.0117647058796,16.79692451045786,65.0,"(3399.153846153846, 682.6769230769231)",0.38544889324519743
3798,2446.5369649805507,16.82862054513534,102.0,"(3401.7156862745096, 780.5882352941177)",0.316806010987549
3799,-316.67704280155885,nan,56.0,"(3399.75, 764.4107142857143)",0.6397551884234894
3800,-7716.16129032258,nan,13.0,"(3397.0, 1592.5384615384614)",0.8982428396018746
3801,-5240.796078431373,nan,12.0,"(3397.6666666666665, 1652.1666666666667)",0.8225638732609021
3802,96074.6000000001,12.84347853753776,653.0,"(3414.283307810107, 2069.08269525268)",0.5028372101980136
3803,-9607.695652173912,nan,19.0,"(3400.5263157894738, 2207.1052631578946)",0.7711779014006536
3804,-17025.523809523816,nan,99.0,"(3406.343434343434, 622.030303030303)",0.8169540199310128
3805,-8975.338709677453,nan,217.0,"(3411.032258064516, 1041.4884792626729)",0.6554201446770688
3806,-1338.700564971754,nan,32.0,"(3403.65625, 7.375)",0.6115555976573339
3807,-826.225296442688,nan,105.0,"(3406.495238095238, 592.6285714285714)",0.8254173288788275
3808,11708.117647058825,15.128782305702432,134.0,"(3407.820895522388, 808.5970149253732)",0.3544329295911751
3809,2743.8740157480315,16.704089582560368,11.0,"(3403.818181818182, 1094.5454545454545)",0.7406262359102437
3810,-3053.7109375,nan,10.0,"(3403.3, 2237.8)",0.7813269956350372
3811,2000.7411764705867,17.047022724312654,28.0,"(3406.8214285714284, 718.6071428571429)",0.5373546722306869
3812,1084.75390625,17.711671943202532,12.0,"(3405.5833333333335, 1135.3333333333333)",0.8240103083750198
3813,488.75,18.57728307399019,45.0,"(3409.4, 989.7111111111111)",0.8344353163211591
3814,332.56589147287013,18.99530573704503,19.0,"(3408.2105263157896, 531.3684210526316)",0.5765720799229106
3815,2161.2607003891026,16.96323210880814,39.0,"(3410.5384615384614, 1602.5897435897436)",0.5178498994545935
3816,-6152.52,nan,11.0,"(3408.2727272727275, 1084.909090909091)",0.9741175313345862
3817,-5313.40625,nan,16.0,"(3411.625, 58.8125)",0.8100792227485729
3818,1232.8554216867487,17.57271962652609,82.0,"(3413.951219512195, 936.5243902439024)",0.7992728835303949
3819,-14096.814229249008,nan,15.0,"(3411.866666666667, 1060.5333333333333)",0.9211954695944682
3820,511.26771653543256,18.52837907369493,8.0,"(3410.375, 1071.5)",0.5380726428680824
3821,-67021.531496063,nan,34.0,"(3414.9117647058824, 1149.4117647058824)",0.8823835648122427
3822,13085.054263565893,15.008061180015664,97.0,"(3415.773195876289, 1567.381443298969)",0.5624228472507856
3823,6465.85826771654,15.77343454850047,97.0,"(3413.463917525773, 2130.855670103093)",0.5736624525793617
3824,1394.666666666666,17.438823947151114,8.0,"(3411.375, 1504.0)",0.9528444588068854
3825,-2373.419354838712,nan,10.0,"(3412.3, 1028.0)",0.8584572397562118
3826,-47433.0,nan,21.0,"(3415.4761904761904, 1160.952380952381)",0.9584534089721829
3827,2904.4679999999935,16.642333510011024,55.0,"(3415.2727272727275, 112.01818181818182)",0.7025595389978682
3828,-6168.3888888888905,nan,8.0,"(3414.75, 1130.875)",0.930610269114735
3829,-1152.515267175575,nan,21.0,"(3414.904761904762, 1173.952380952381)",0.6218141182277499
3830,2893.4444444444453,16.64646212971976,45.0,"(3418.1111111111113, 141.26666666666668)",0.425723082877283
3831,6732.58139534884,15.72954596841268,40.0,"(3420.125, 1112.875)",0.6741870070306629
3832,-3802.1181102362207,nan,12.0,"(3417.5, 1065.6666666666667)",0.8816908838832423
3833,1640.7142857142826,17.262417601208032,57.0,"(3421.3508771929824, 689.4912280701755)",0.5484837905408728
3834,5482.937254901961,15.95246681006139,43.0,"(3419.8372093023254, 1637.1860465116279)",0.799986920148489
3835,-3331.5119047619046,nan,8.0,"(3419.75, 441.125)",0.7582696266648254
3836,-14697.03112840467,nan,12.0,"(3419.4166666666665, 1179.25)",0.9432647601740647
3837,-78358.96047430832,nan,60.0,"(3424.05, 1158.6333333333334)",0.7992097078460555
3838,2964.733590733591,16.62003581500102,13.0,"(3421.769230769231, 1202.3846153846155)",0.8755244438077613
3839,971.3913043478242,17.831514471353103,30.0,"(3422.5666666666666, 2225.1)",0.49580421758537135
3840,-13130.90625,nan,24.0,"(3425.6666666666665, 1149.6666666666667)",0.8753852775753971
3841,1363.3229571984484,17.463503130195114,39.0,"(3424.4102564102564, 1763.7435897435898)",0.6035007260839195
3842,2562.3579766537005,16.778400492074553,63.0,"(3425.4285714285716, 510.44444444444446)",0.6441880007087267
3843,-4959.073929961087,nan,11.0,"(3423.5454545454545, 1136.2727272727273)",0.947916753123029
3844,122.0627450980428,20.08354216829482,13.0,"(3425.3846153846152, 1197.3076923076924)",0.8665016643533887
3845,8416.227450980397,15.48720634024447,39.0,"(3427.4615384615386, 1019.2051282051282)",0.5985707636171742
3846,-5962.416666666668,nan,9.0,"(3425.8888888888887, 1068.5555555555557)",0.8774391453728856
3847,46354.43307086616,13.634771815279194,157.0,"(3432.605095541401, 1095.6114649681529)",0.7544660795703779
3848,28540.444444444467,14.161348170356616,117.0,"(3431.675213675214, 1129.940170940171)",0.6753034187510436
3849,-2937.61328125,nan,16.0,"(3428.1875, 457.375)",0.8330348088741663
3850,61454.77952755906,13.32861083761,221.0,"(3434.447963800905, 1473.3031674208146)",0.7219247265042213
3851,7752.857142857145,15.576345546086952,55.0,"(3430.6181818181817, 1534.9818181818182)",0.45907665008251536
3852,1775.9682539682544,17.17641200412107,15.0,"(3428.6666666666665, 1056.0666666666666)",0.8214548872751102
3853,20835.6294820717,14.502983435465705,165.0,"(3434.4727272727273, 819.060606060606)",0.7301384164077319
3854,-1000.8605577689232,nan,10.0,"(3429.8, 1187.1)",0.9221056624125437
3855,1501.2134387351762,17.358893891185613,48.0,"(3431.8333333333335, 1979.25)",0.4907195458876131
3856,772.6062992125953,18.080104388219006,21.0,"(3432.190476190476, 379.76190476190476)",0.7286381605821901
3857,400.8292682926831,18.792601435205327,8.0,"(3432.5, 845.0)",0.5773502691896258
3858,-2877.317460317461,nan,9.0,"(3431.8888888888887, 862.4444444444445)",0.6486979049872603
3859,-12476.627450980392,nan,14.0,"(3432.785714285714, 1077.4285714285713)",0.9182647822812353
3860,-3855.6066176470595,nan,8.0,"(3432.0, 1177.0)",0.7211200002014748
3861,1911.8207171314734,17.09638209135686,9.0,"(3432.8888888888887, 1408.7777777777778)",0.9434162486449958
3862,338.44881889763747,18.976267492860032,8.0,"(3433.5, 113.375)",0.6353272369503311
3863,-1441.135135135135,nan,11.0,"(3433.5454545454545, 1119.4545454545455)",0.5583984415115201
3864,-240.14566929133798,nan,16.0,"(3434.375, 1568.5625)",0.8632945605349154
3865,-988.8559999999998,nan,11.0,"(3435.2727272727275, 1064.909090909091)",0.36494477785234397
3866,88398.84980237152,12.933883464382841,309.0,"(3446.229773462783, 985.2200647249191)",0.6531270306219094
3867,-5762.448818897636,nan,11.0,"(3435.5454545454545, 1366.3636363636363)",0.8395761614957885
3868,-11115.023999999998,nan,14.0,"(3436.0, 1417.2142857142858)",0.9241475476864996
3869,2745.1384615384595,16.703589363403065,77.0,"(3439.5584415584417, 315.5194805194805)",0.5207269514800519
3870,2836.875968992248,16.66789912892751,10.0,"(3436.7, 1037.3)",0.8633692998637283
3871,-1111.8346456692907,nan,8.0,"(3436.375, 1052.5)",0.8705242673240075
3872,-1625.4015748031488,nan,12.0,"(3436.9166666666665, 1183.8333333333333)",0.30075369660592577
3873,6155.675889328064,15.8268106371363,43.0,"(3440.139534883721, 944.4186046511628)",0.40336432724159615
3874,602363.5179282869,10.850353347505681,1331.0,"(3460.3471074380163, 239.51690458302028)",0.7109041929699136
3875,3407.4166666666642,16.468936891667468,37.0,"(3439.945945945946, 869.6486486486486)",0.5880752409758062
3876,5453.79770992366,15.958252436930781,55.0,"(3442.9454545454546, 1153.0181818181818)",0.457978834352126
3877,71872.40000000002,13.15859463179323,628.0,"(3453.858280254777, 1446.6735668789809)",0.5035648995773396
3878,-6132.007968127487,nan,14.0,"(3440.0714285714284, 132.78571428571428)",0.8891373413133284
3879,22778.75,14.406175279548929,86.0,"(3442.6627906976746, 1009.4069767441861)",0.62798139938576
3880,-687.6746031746006,nan,37.0,"(3442.108108108108, 1613.2972972972973)",0.5713410501823408
3881,1533.3015873015975,17.33593103683837,60.0,"(3442.9666666666667, 374.5833333333333)",0.6162299641992113
3882,1020.830039525692,17.777616396595743,30.0,"(3442.0333333333333, 683.2)",0.6026105492101853
3883,119.02362204724523,20.11091709427744,9.0,"(3440.1111111111113, 1363.3333333333333)",0.35831731433253367
3884,-8910.650000000001,nan,22.0,"(3442.090909090909, 2154.0)",0.8586395772939167
3885,793.2639999999992,18.051455636174477,22.0,"(3442.4545454545455, 202.95454545454547)",0.625215629371495
3886,23240.11023622047,14.384404540653847,236.0,"(3448.2161016949153, 507.20338983050846)",0.5781357106835472
3887,963.822134387352,17.840007760629913,37.0,"(3443.5675675675675, 570.8648648648649)",0.518699713211728
3888,1672.0629921259824,17.24186841320932,25.0,"(3444.84, 1033.48)",0.7069229821988819
3889,1060.9680000000008,17.735744286790002,12.0,"(3444.25, 1054.0833333333333)",0.7128834453854873
3890,3602.166666666657,16.408590492298217,66.0,"(3446.9545454545455, 2016.6515151515152)",0.5352099097403373
3891,1679.639534883725,17.23695977903057,55.0,"(3446.909090909091, 666.8909090909091)",0.5107709828206234
3892,3429.46875,16.46193287541248,11.0,"(3445.3636363636365, 1235.8181818181818)",0.8963493770325383
3893,-2682.7692307692305,nan,13.0,"(3445.076923076923, 1507.923076923077)",0.8549715109091449
3894,665.8957528957544,18.241484387606526,8.0,"(3445.375, 1181.75)",0.9419115287860648
3895,3392.168627450985,16.47380641687029,92.0,"(3451.413043478261, 692.6847826086956)",0.5294911983963827
3896,-593.901185770751,nan,8.0,"(3447.625, 1191.125)",0.6373774391990981
3897,4916.385826771653,16.070885105013815,11.0,"(3447.0, 1355.8181818181818)",0.7879477057102138
3898,540.7058823529405,18.467597264245114,19.0,"(3448.157894736842, 2203.1052631578946)",0.6682906757060113
3899,-6147.059523809527,nan,28.0,"(3450.0714285714284, 2050.3214285714284)",0.8396830828007175
3900,-2612.229249011856,nan,20.0,"(3451.55, 758.9)",0.7366152271871078
3901,-8886.67741935484,nan,26.0,"(3452.9615384615386, 151.5)",0.8092576767861598
3902,10557.8253968254,15.241063811374277,104.0,"(3455.028846153846, 918.3653846153846)",0.4788647804996529
3903,-3213.447058823529,nan,10.0,"(3451.4, 1839.4)",0.8594254366196715
3904,1263.7081712062245,17.545883015821776,12.0,"(3452.25, 1036.3333333333333)",0.8924303367609563
3905,-27472.782945736428,nan,23.0,"(3453.217391304348, 1056.391304347826)",0.8987239472778502
3906,3724.470817120622,16.372338560665376,9.0,"(3452.222222222222, 1174.3333333333333)",0.888295720743309
3907,-43440.23715415019,nan,53.0,"(3457.9622641509436, 1241.811320754717)",0.8396971612014338
3908,5630.294117647049,15.923672294250505,93.0,"(3456.3870967741937, 522.2903225806451)",0.5998998763135682
3909,-18229.956521739135,nan,11.0,"(3455.090909090909, 1000.1818181818181)",0.9616996671233514
3910,811.9561752988047,18.02616852708035,25.0,"(3455.24, 429.92)",0.5978321957113608
3911,-10433.496183206105,nan,17.0,"(3454.9411764705883, 1181.0)",0.789057266119215
3912,4195.487999999998,16.24304379186711,55.0,"(3457.0, 1491.7454545454545)",0.7157487145982591
3913,7529.145593869733,15.60813576166326,107.0,"(3460.448598130841, 1673.5233644859813)",0.6112978303231671
3914,1726.8909090909074,17.206837741889515,26.0,"(3458.576923076923, 11.461538461538462)",0.5771787587925514
3915,-65922.70038910507,nan,36.0,"(3457.5833333333335, 1253.5555555555557)",0.9601059721739189
3916,5071.882352941175,16.037077072191323,56.0,"(3462.3928571428573, 1350.6607142857142)",0.8060765764295857
3917,20179.98023715416,14.537698158540525,86.0,"(3459.9186046511627, 1474.1744186046512)",0.8255844677007151
3918,-3198.199999999997,nan,23.0,"(3458.7391304347825, 1276.8695652173913)",0.7832516468611531
3919,2137.567567567574,16.975200371314717,55.0,"(3460.981818181818, 356.1454545454545)",0.5815662775286545
3920,856.4902723735413,17.96819391297351,12.0,"(3459.4166666666665, 1343.75)",0.817983238955851
3921,-63295.739130434784,nan,36.0,"(3459.472222222222, 1523.111111111111)",0.9371889160835337
3922,10174.745098039217,15.281191155232698,76.0,"(3462.407894736842, 974.3815789473684)",0.7266816349151785
3923,4549.119691119689,16.155181590927434,88.0,"(3465.9545454545455, 491.8863636363636)",0.42446214536388904
3924,1359.109375,17.46686397949405,49.0,"(3462.183673469388, 1923.2857142857142)",0.4788654297743374
3925,-1541.1744186046526,nan,8.0,"(3461.875, 1427.125)",0.8369226226520929
3926,-83832.56299212598,nan,43.0,"(3464.5348837209303, 1547.3255813953488)",0.8938794351176256
3927,3227.2598425196848,16.527915165023426,8.0,"(3463.125, 1191.5)",0.7979464677739836
3928,1153.5748031496041,17.64488559639474,36.0,"(3465.1666666666665, 1911.1944444444443)",0.5496783641908287
3929,14865.317647058822,14.869564515526868,67.0,"(3466.7611940298507, 1174.5223880597016)",0.6285155275820025
3930,395.4342629482053,18.80731425836604,9.0,"(3463.777777777778, 1417.888888888889)",0.8749849885166953
3931,-5010.0873015873,nan,19.0,"(3464.0, 2075.3684210526317)",0.7932105023166186
3932,-3284.1181102362207,nan,13.0,"(3465.3846153846152, 448.61538461538464)",0.5951170519292052
3933,8946.733067729088,15.420838799885761,96.0,"(3467.90625, 1579.6666666666667)",0.7096172952365253
3934,-562.8571428571449,nan,36.0,"(3467.8888888888887, 909.0555555555555)",0.7549467551549753
3935,-7819.047244094487,nan,24.0,"(3467.3333333333335, 1249.625)",0.8707313764157372
3936,4244.906614785985,16.2303296487852,90.0,"(3470.233333333333, 365.68888888888887)",0.5745405177876249
3937,-3197.4860557768843,nan,206.0,"(3473.6747572815534, 1073.111650485437)",0.6347507273323002
3938,-7530.0625,nan,10.0,"(3467.2, 1528.2)",0.8775341805279661
3939,-6423.341269841265,nan,17.0,"(3468.764705882353, 276.05882352941177)",0.8512508294271489
3940,5939.789883268473,15.865572294176244,84.0,"(3470.7619047619046, 856.702380952381)",0.5492300369260223
3941,592.9685039370088,18.367420934926727,8.0,"(3468.375, 1327.375)",0.9664022173865874
3942,848.960629921261,17.977781123637477,30.0,"(3469.5, 330.1333333333333)",0.5206600231516468
3943,32821.3255813953,14.009609706816422,305.0,"(3475.272131147541, 545.744262295082)",0.7483220538579697
3944,-3139.6303501945513,nan,12.0,"(3468.3333333333335, 2180.75)",0.6340652357769102
3945,9680.8418972332,15.335217181258038,106.0,"(3473.1415094339623, 464.4339622641509)",0.5721221677039952
3946,-7632.618110236232,nan,81.0,"(3472.6543209876545, 623.604938271605)",0.7947590135099244
3947,466.864864864865,18.627022022013172,8.0,"(3470.25, 1332.625)",0.8599219148885188
3948,43183.23412698408,13.711712087791318,217.0,"(3478.0599078341015, 1393.3778801843318)",0.733167120184912
3949,-13156.171206225681,nan,9.0,"(3469.777777777778, 407.3333333333333)",0.9199014423280613
3950,-2297.645669291338,nan,16.0,"(3470.375, 1195.5)",0.8062132948546998
3951,-4369.723320158104,nan,11.0,"(3470.909090909091, 1345.8181818181818)",0.8920347805294335
3952,-5049.9,nan,9.0,"(3471.0, 1490.7777777777778)",0.7766431633476233
3953,-11846.600000000002,nan,12.0,"(3471.9166666666665, 1186.0)",0.9458579812114564
3954,-2269.622047244091,nan,41.0,"(3474.4146341463415, 1286.1707317073171)",0.7018228929166839
3955,5573.375,15.93470433702502,64.0,"(3475.4375, 1455.296875)",0.3698026639055346
3956,-15901.450980392154,nan,39.0,"(3475.5384615384614, 1160.7948717948718)",0.6677949263776378
3957,-619.34375,nan,8.0,"(3473.5, 1201.75)",0.8185346118482661
3958,-4024.2248062015497,nan,8.0,"(3474.0, 1274.125)",0.917541366863413
3959,-6795.665354330704,nan,16.0,"(3475.4375, 1547.625)",0.9131595446732281
3960,-7304.909090909088,nan,18.0,"(3474.3333333333335, 1617.4444444444443)",0.7270940286384766
3961,852.3953488372099,17.973397321784095,17.0,"(3477.294117647059, 345.70588235294116)",0.8274664599750556
3962,2006.8399999999965,17.04371812818219,61.0,"(3479.9508196721313, 386.4590163934426)",0.2157819838030939
3963,-3927.54054054054,nan,8.0,"(3476.25, 1265.375)",0.928814424557738
3964,2287.20472440945,16.901737401445438,49.0,"(3480.1020408163267, 784.5918367346939)",0.5417625285094265
3965,-5959.777777777777,nan,8.0,"(3479.375, 1343.0)",0.9547131709489385
3966,-9887.527777777781,nan,9.0,"(3479.1111111111113, 571.5555555555555)",0.9049457833008927
3967,2843.59765625,16.665329630994606,45.0,"(3482.288888888889, 842.4222222222222)",0.6781458559558657
3968,16160.598425196848,14.778856403465948,77.0,"(3483.1688311688313, 1104.4155844155844)",0.5062152115188464
3969,-5466.921259842522,nan,17.0,"(3480.5882352941176, 1114.3529411764705)",0.7958672201857465
3970,154615.609561753,12.326866657604377,410.0,"(3490.0243902439024, 2024.3975609756098)",0.46350933753592866
3971,404.5095057034232,18.78267817075327,28.0,"(3480.964285714286, 2138.0714285714284)",0.47991419930547874
3972,-6338.06640625,nan,15.0,"(3480.866666666667, 1844.6666666666667)",0.6278990535692512
3973,3429.9763779527566,16.46177217726924,43.0,"(3483.813953488372, 1574.2325581395348)",0.5872651229443935
3974,-125320.578125,nan,206.0,"(3489.1553398058254, 1155.9271844660195)",0.8860198758433318
3975,104.15116279069844,20.255839692572756,10.0,"(3482.1, 1779.9)",0.46904157598234314
3976,18469.1171875,14.633884657685307,62.0,"(3486.6935483870966, 1196.6612903225807)",0.6897323739536215
3977,4640.22480620155,16.133652446388773,36.0,"(3487.6944444444443, 1487.2777777777778)",0.5146908708699164
3978,11068.417322834663,15.189786186533832,171.0,"(3493.33918128655, 1557.4736842105262)",0.808769014767586
3979,-48869.08799999999,nan,220.0,"(3496.5, 921.0545454545454)",0.8695894059786059
3980,-8974.968127490043,nan,49.0,"(3491.0204081632655, 1010.4285714285714)",0.47751989534350564
3981,-6023.666666666664,nan,17.0,"(3489.705882352941, 1880.2941176470588)",0.7962122941371635
3982,-5037.01176470588,nan,14.0,"(3490.3571428571427, 982.0714285714286)",0.8176955723899162
3983,-323491.22529644275,nan,375.0,"(3502.112, 1891.6933333333334)",0.932630045254526
3984,-2726.7611940298502,nan,8.0,"(3490.5, 520.5)",0.8468413944019119
3985,4021.265625,16.289093096488166,64.0,"(3492.734375, 1705.21875)",0.603125634992924
3986,-1813.9565217391355,nan,33.0,"(3494.818181818182, 1245.909090909091)",0.7881747357056209
3987,-2341.8798449612405,nan,9.0,"(3491.8888888888887, 1663.0)",0.833719025807607
3988,-11652.78125,nan,10.0,"(3493.3, 1273.2)",0.9041813201173329
3989,587.7401574803152,18.377036587505764,29.0,"(3494.1724137931033, 1841.7931034482758)",0.4929613846129496
3990,402.29599999999846,18.788635713914655,21.0,"(3494.2380952380954, 447.0)",0.7183879033828556
3991,-3023.625,nan,20.0,"(3494.9, 393.15)",0.6637657630739684
3992,-3143.9039999999986,nan,20.0,"(3495.85, 417.8)",0.39587923847083223
3993,-48351.099601593625,nan,44.0,"(3496.090909090909, 978.3181818181819)",0.9265457608176253
3994,12124.64980544748,15.090826990527255,89.0,"(3498.7640449438204, 1530.2808988764045)",0.35159197048557655
3995,221.04779411764684,19.438784536630777,17.0,"(3495.0, 1938.0)",0.532118533491987
3996,4433.190476190477,16.183209021074187,19.0,"(3495.6315789473683, 1327.0)",0.844580434317289
3997,-722.11328125,nan,19.0,"(3495.8947368421054, 1465.8947368421052)",0.7073670693868367
3998,581.5261044176696,18.38857696308652,30.0,"(3498.0333333333333, 802.4666666666667)",0.11856137792857782
3999,886.2857142857138,17.931065627181724,26.0,"(3500.076923076923, 111.65384615384616)",0.6392538733790186
4000,-6612.165354330711,nan,25.0,"(3501.44, 1212.84)",0.7796101327100582
4001,3216.8645418326632,16.531418065784543,111.0,"(3504.063063063063, 684.4504504504505)",0.3936516886806643
4002,1948.5866141732276,17.07570071291089,10.0,"(3499.1, 1356.3)",0.518124327092799
4003,4375.129411764705,16.19752274118469,39.0,"(3502.6153846153848, 1058.4871794871794)",0.5250455794844594
4004,-99.15999999999985,nan,8.0,"(3501.0, 1331.75)",0.8416254115301731
4005,2538.291828793779,16.788646120744286,67.0,"(3503.7611940298507, 2082.6716417910447)",0.7056828933228441
4006,3419.996062992126,16.464935984729387,60.0,"(3507.55, 1554.85)",0.47514362169525476
4007,1901.2261904761908,17.10241552920411,40.0,"(3506.95, 45.65)",0.596927265767835
4008,-3031.852713178294,nan,8.0,"(3504.875, 1235.0)",0.8812697312116856
4009,-120735.61752988049,nan,50.0,"(3510.96, 1259.28)",0.9158669755692711
4010,-2571.25,nan,11.0,"(3506.181818181818, 1352.2727272727273)",0.914020772415786
4011,-6555.6259842519685,nan,11.0,"(3505.4545454545455, 1428.6363636363637)",0.8898289846456812
4012,-10143.53125,nan,12.0,"(3508.1666666666665, 1416.8333333333333)",0.9428587240374281
4013,361.42519685039224,18.904953934420867,20.0,"(3508.85, 2159.45)",0.5723216745250131
4014,8127.217391304337,15.525145308357192,101.0,"(3512.366336633663, 953.0693069306931)",0.6069183825716532
4015,-6102.35741444867,nan,25.0,"(3510.52, 278.48)",0.5468346628900385
4016,15196.333333333343,14.84565297178257,149.0,"(3515.7651006711408, 871.1543624161073)",0.748471082082199
4017,-2670.253968253968,nan,12.0,"(3509.9166666666665, 968.5)",0.902439063297415
4018,490.6135458167337,18.573151162785116,15.0,"(3512.733333333333, 509.06666666666666)",0.658046885054587
4019,2170.4370078740176,16.958632035194054,63.0,"(3517.1746031746034, 391.06349206349205)",0.5500484756378121
4020,-7425.652173913044,nan,13.0,"(3514.153846153846, 1169.3846153846155)",0.4365127153214085
4021,2636.859375,16.747282576815245,10.0,"(3514.6, 1350.5)",0.7094916819641325
4022,1975.0823529411791,17.061036978344088,49.0,"(3518.918367346939, 1652.8367346938776)",0.5919577935177708
4023,570.453125,18.409450091042647,25.0,"(3519.4, 2056.48)",0.5414552449807902
4024,1755.9679999999935,17.188708506880676,150.0,"(3525.3133333333335, 1183.96)",0.7891653836508769
4025,-3670.0362903225796,nan,10.0,"(3520.7, 1224.0)",0.7899579222805166
4026,-2085.125,nan,31.0,"(3520.2580645161293, 1703.6774193548388)",0.8494923462663148
4027,143578.5912698413,12.407275780222436,371.0,"(3530.070080862534, 2191.6145552560647)",0.336940490922345
4028,-16524.496,nan,46.0,"(3523.0652173913045, 1252.2391304347825)",0.735311365333744
4029,6755.894117647062,15.725792913916706,48.0,"(3523.8333333333335, 1511.3333333333333)",0.6590782838947608
4030,155.06299212598424,19.82372960013486,11.0,"(3522.0, 1929.1818181818182)",0.5465458781650322
4031,-2956.0230769230766,nan,12.0,"(3521.9166666666665, 2236.0)",0.8620734521569482
4032,-2767.576470588232,nan,25.0,"(3525.64, 540.32)",0.6734903105050569
4033,3188.156862745098,16.541150796805983,45.0,"(3526.3777777777777, 1069.6666666666667)",0.4537428639162759
4034,543.9638554216872,18.46107489189619,42.0,"(3526.2619047619046, 1901.047619047619)",0.38104993999971865
4035,-20807.96078431372,nan,52.0,"(3530.826923076923, 35.40384615384615)",0.7650902507863708
4036,-2152.185770750988,nan,9.0,"(3525.5555555555557, 1172.3333333333333)",0.842423539174232
4037,-1811.8418972332001,nan,22.0,"(3527.0454545454545, 1411.8181818181818)",0.6677347427570268
4038,2522.354581673306,16.795484655589174,18.0,"(3529.5555555555557, 1577.9444444444443)",0.6752110505966417
4039,4336.19767441861,16.207227319545723,56.0,"(3532.214285714286, 1598.392857142857)",0.8008201661448666
4040,-13377.97647058824,nan,42.0,"(3531.8333333333335, 1343.095238095238)",0.853708209599672
4041,-2728.5568627450994,nan,38.0,"(3531.5789473684213, 1800.842105263158)",0.6600983182464653
4042,1159.5097276264569,17.639314008818175,38.0,"(3530.8684210526317, 1871.157894736842)",0.4162110391918964
4043,-72285.82490272375,nan,90.0,"(3539.366666666667, 1119.7111111111112)",0.8394816468643302
4044,1423.6196078431385,17.416515097470857,44.0,"(3534.4545454545455, 1430.340909090909)",0.7732006994607737
4045,-1801.96875,nan,17.0,"(3531.764705882353, 1684.4705882352941)",0.8310803833655536
4046,7549.110236220469,15.605260581943954,110.0,"(3536.6, 528.8636363636364)",0.555535058898858
4047,-4896.185039370081,nan,33.0,"(3534.848484848485, 1199.1515151515152)",0.8437593414496687
4048,-4473.94140625,nan,9.0,"(3533.8888888888887, 1423.888888888889)",0.6181975117867604
4049,14408.188976377947,14.903476509969515,168.0,"(3539.1309523809523, 1845.1845238095239)",0.505232646591772
4050,-2597.7857142857174,nan,31.0,"(3534.967741935484, 2101.6451612903224)",0.275712455794576
4051,-15198.566929133856,nan,15.0,"(3538.0, 1359.6666666666667)",0.894147709453287
4052,1424.8828125,17.41555213032708,11.0,"(3536.7272727272725, 1500.8181818181818)",0.8082777398868201
4053,-26032.263999999996,nan,47.0,"(3542.31914893617, 619.9574468085107)",0.8906645389431299
4054,464.796875,18.631842001322813,11.0,"(3538.6363636363635, 791.2727272727273)",0.5363701656092197
4055,1938.108527131786,17.081554769174417,26.0,"(3540.769230769231, 1660.576923076923)",0.6234306003798502
4056,379.99612403100764,18.85055208293515,12.0,"(3539.0, 2059.8333333333335)",0.6594964983102426
4057,677.06640625,18.2234218347362,25.0,"(3540.6, 167.8)",0.5289603258816431
4058,5878.3333333333285,15.876864476790388,71.0,"(3541.7042253521126, 398.0845070422535)",0.6381226932349197
4059,4746.411764705888,16.1090864705103,81.0,"(3542.6913580246915, 685.3703703703703)",0.7078410753065486
4060,199.53125,19.54997269180118,15.0,"(3539.133333333333, 695.6666666666666)",0.8081865794448628
4061,-1498.2790697674427,nan,21.0,"(3540.809523809524, 1042.3809523809523)",0.7595443196942484
4062,3574.079365079364,16.417089519731697,31.0,"(3541.0967741935483, 1368.7096774193549)",0.7720659259592666
4063,30281.976744186017,14.097039446025082,181.0,"(3549.1325966850827, 2257.9944751381217)",0.820455704657882
4064,-2961.163424124512,nan,27.0,"(3543.3333333333335, 340.22222222222223)",0.749004544398691
4065,3963.818897637797,16.304715490381952,11.0,"(3542.0, 1349.3636363636363)",0.8998505711960625
4066,-5024.546511627908,nan,9.0,"(3541.8888888888887, 1413.0)",0.9151435394961448
4067,-1803.6102362204729,nan,11.0,"(3544.0, 1336.8181818181818)",0.8532619693329866
4068,-2355.7142857142862,nan,18.0,"(3545.222222222222, 949.7777777777778)",0.5539519072014875
4069,5236.262548262552,16.002446464698245,43.0,"(3547.6279069767443, 1344.7441860465117)",0.635446870730155
4070,227.34615384615245,19.408280971554834,12.0,"(3545.0833333333335, 1962.9166666666667)",0.7365874582208801
4071,-2405.00790513834,nan,12.0,"(3547.4166666666665, 28.916666666666668)",0.8224626386814282
4072,25284.83076923077,14.292849871860795,98.0,"(3553.061224489796, 1241.8979591836735)",0.7309336475894976
4073,1147.9448818897636,17.650197409779334,11.0,"(3547.6363636363635, 1502.4545454545455)",0.6652127331620754
4074,2640.6071428571413,16.74574051570703,27.0,"(3548.5925925925926, 1603.9259259259259)",0.5734962498887648
4075,8361.671936758896,15.49426718908499,112.0,"(3553.035714285714, 54.794642857142854)",0.4759449311505936
4076,675.9137254901943,18.22527183608786,19.0,"(3548.842105263158, 537.6842105263158)",0.7716049449037712
4077,-1761.91796875,nan,172.0,"(3556.517441860465, 997.7848837209302)",0.8013138671680852
4078,-17838.212355212367,nan,37.0,"(3552.6486486486488, 1409.2162162162163)",0.8720684806832076
4079,582.0,18.38769253837528,16.0,"(3553.0625, 880.875)",0.677349341327059
4080,56672.159999999974,13.416575585909769,422.0,"(3563.0971563981043, 1939.777251184834)",0.4248991192660175
4081,-14726.141176470592,nan,33.0,"(3555.242424242424, 33.54545454545455)",0.7897467279091402
4082,26541.73359073358,14.240176785790752,132.0,"(3558.212121212121, 1084.3636363636363)",0.7547292626750098
4083,-484.14117647058447,nan,33.0,"(3554.818181818182, 1365.7878787878788)",0.6674812154502772
4084,61035.239043824695,13.33604837544567,207.0,"(3563.768115942029, 1330.8937198067633)",0.6932698305127708
4085,7543.56048387097,15.606059057897829,72.0,"(3558.4583333333335, 1568.9722222222222)",0.4839797935137777
4086,328.578125,19.00840338244123,8.0,"(3554.5, 1691.25)",0.2886751345948129
4087,-15188.456273764255,nan,93.0,"(3558.94623655914, 734.0430107526881)",0.890007061968671
4088,-5462.732,nan,18.0,"(3557.0, 791.2222222222222)",0.707406933277947
4089,17074.02352941176,14.719160311050853,135.0,"(3560.837037037037, 1605.5777777777778)",0.45713360186630997
4090,5357.379032258061,15.977619065981749,60.0,"(3562.0, 1497.3)",0.5400801776896549
4091,3474.9764705882408,16.44762032928775,79.0,"(3561.0632911392404, 2005.860759493671)",0.35654218134456644
4092,2243.6328125,16.92262054295301,62.0,"(3561.6451612903224, 449.2903225806452)",0.7360764222164077
4093,35523.86770428013,13.923699389948805,224.0,"(3565.316964285714, 1360.200892857143)",0.776012946038787
4094,6311.4609375,15.79967525337279,31.0,"(3562.3548387096776, 1225.6774193548388)",0.7797585354617362
4095,-15522.516129032258,nan,26.0,"(3563.0, 842.4615384615385)",0.6797108672154679
4096,-43496.12109375,nan,33.0,"(3565.121212121212, 1643.909090909091)",0.8977786596811735
4097,-13280.972111553783,nan,13.0,"(3562.3076923076924, 2182.923076923077)",0.9061293003839256
4098,284951.4879999999,11.663072677059631,1051.0,"(3582.0066603235014, 280.7497621313035)",0.47477874084076765
4099,849.0750988142318,17.977634739177475,33.0,"(3567.3636363636365, 701.1515151515151)",0.5641970340042648
4100,4772.919999999998,16.10303961220388,74.0,"(3569.7162162162163, 767.081081081081)",0.38197114272392035
4101,22862.64285714287,14.402183919548795,190.0,"(3574.1, 1063.342105263158)",0.7563725521438005
4102,770.6880000000001,18.082803507862458,8.0,"(3566.0, 1131.75)",0.7950972173652757
4103,-209.0076923076922,nan,15.0,"(3567.9333333333334, 1383.0)",0.7896173902832322
4104,5871.72440944882,15.87808584077849,59.0,"(3569.2881355932204, 1168.5084745762713)",0.6121265308122719
4105,2758.1732283464553,16.698446153094014,21.0,"(3569.5714285714284, 1238.095238095238)",0.7326424413372274
4106,2576.0236220472434,16.772625397071586,14.0,"(3568.285714285714, 1406.5)",0.8506877704240235
4107,4409.315175097276,16.189072142413977,52.0,"(3571.653846153846, 1420.2307692307693)",0.675521647281775
4108,8795.3188976378,15.439371023553937,66.0,"(3574.848484848485, 1442.6515151515152)",0.7055686898472635
4109,5.153846153843915,23.5196713740155,94.0,"(3576.840425531915, 9.436170212765957)",0.8049315853092349
4110,-2929.007843137253,nan,33.0,"(3574.6363636363635, 573.4242424242424)",0.8229307223118374
4111,2737.8720930232594,16.706467112374817,39.0,"(3574.4102564102564, 1261.7179487179487)",0.7266573433614829
4112,1208.656488549619,17.594242780365164,42.0,"(3576.0476190476193, 388.92857142857144)",0.5252233925486905
4113,54525.54330708663,13.458499995753526,369.0,"(3586.029810298103, 842.170731707317)",0.538186479149178
4114,375.57915057915125,18.863246311513677,8.0,"(3575.25, 997.625)",0.8124097554365945
4115,-4916.338461538464,nan,18.0,"(3577.4444444444443, 1205.5)",0.8130756328472708
4116,-1124.0465116279047,nan,21.0,"(3579.2380952380954, 1125.5714285714287)",0.7003895981208579
4117,-2650.7480000000032,nan,17.0,"(3578.9411764705883, 1284.5882352941176)",0.66544197937295
4118,9684.9609375,15.334755316469666,115.0,"(3582.1565217391303, 1489.8608695652174)",0.5802462779006259
4119,6573.8000000000175,15.755458782358549,129.0,"(3583.062015503876, 2260.9147286821703)",0.46717552116058314
4120,1004.2413793103442,17.79540471921482,31.0,"(3579.967741935484, 1036.0967741935483)",0.3355872429016351
4121,-17775.77777777778,nan,90.0,"(3582.4777777777776, 1410.3444444444444)",0.8343251800965681
4122,-9385.453125,nan,12.0,"(3579.75, 2239.5)",0.7919258635826991
4123,3952.8617886178836,16.30772092612711,71.0,"(3583.507042253521, 2134.0)",0.5417666751580577
4124,-13315.70930232558,nan,12.0,"(3581.8333333333335, 1050.0)",0.677707897312833
4125,23033.857142857145,14.394083327517158,98.0,"(3586.5, 1335.1224489795918)",0.6174724089405454
4126,17975.0,14.6633277523627,94.0,"(3586.191489361702, 1380.4148936170213)",0.6433633885002034
4127,-4892.471042471043,nan,18.0,"(3585.5555555555557, 1114.5555555555557)",0.790548164534478
4128,-7534.910505836575,nan,9.0,"(3589.3333333333335, 1262.7777777777778)",0.9440557296755324
4129,9589.178988326836,15.345546437261795,111.0,"(3593.3333333333335, 1954.2162162162163)",0.5142324261251443
4130,3662.417322834648,16.39058042624781,73.0,"(3593.054794520548, 2106.821917808219)",0.7252173421843523
4131,-2491.2868217054274,nan,15.0,"(3591.133333333333, 82.13333333333334)",0.7820945387815543
4132,-90743.45238095237,nan,156.0,"(3597.019230769231, 905.6282051282051)",0.8888545853159446
4133,48016.29007633589,13.596528495621353,230.0,"(3598.5304347826086, 1202.5086956521739)",0.8230429681173829
4134,2759.094117647066,16.698083711761797,74.0,"(3597.5675675675675, 120.67567567567568)",0.5839219646768147
4135,-1597.3228346456744,nan,40.0,"(3597.8, 1128.975)",0.7782251964364887
4136,3376.968127490036,16.478682595761576,44.0,"(3600.8636363636365, 1456.2727272727273)",0.7252738061077569
4137,-1935.1003861003883,nan,18.0,"(3598.9444444444443, 1465.111111111111)",0.7385244839861047
4138,12187.365079365089,15.085225447846149,169.0,"(3604.887573964497, 1687.508875739645)",0.36773540625432055
4139,-3114.92,nan,8.0,"(3599.0, 1017.25)",0.7927001054654698
4140,20086.239215686277,14.542753423530986,181.0,"(3606.5911602209944, 2090.8342541436464)",0.6483066218173825
4141,-2336.3700787401613,nan,50.0,"(3603.08, 2265.54)",0.8311732020722874
4142,-2861.5139442231084,nan,17.0,"(3603.470588235294, 685.0588235294117)",0.8681419469127096
4143,4906.300395256912,16.0731146625374,92.0,"(3608.5434782608695, 387.32608695652175)",0.270658948064413
4144,1685.6334661354558,17.233092137357154,41.0,"(3605.682926829268, 869.0487804878048)",0.33003178970433134
4145,-2648.5555555555547,nan,9.0,"(3603.777777777778, 1033.2222222222222)",0.6969327453369598
4146,-11684.1953125,nan,10.0,"(3603.8, 1217.4)",0.8471804560290757
4147,7402.5,15.626553959846659,110.0,"(3609.318181818182, 1519.3454545454545)",0.646647354096655
4148,368.87644787644786,18.882797682099884,8.0,"(3604.375, 413.75)",0.747102836415358
4149,-3306.523809523809,nan,16.0,"(3605.3125, 763.5)",0.6415241362096966
4150,-2783.007874015748,nan,8.0,"(3604.125, 1489.5)",0.5828776621507495
4151,902.65625,17.911194016106187,19.0,"(3607.157894736842, 133.8421052631579)",0.6157908571582814
4152,536.8366533864537,18.47539459918018,26.0,"(3607.8846153846152, 622.2307692307693)",0.6777694008715026
4153,2007.6731517509616,17.043267471776854,57.0,"(3611.2631578947367, 997.3157894736842)",0.8353125480280309
4154,1741.3176470588223,17.197804996701787,41.0,"(3609.5853658536585, 1050.6829268292684)",0.38530872580877346
4155,-1921.171875,nan,16.0,"(3609.8125, 1095.5)",0.6477922774247916
4156,1590.7204724409457,17.29601532389111,43.0,"(3613.3488372093025, 672.6046511627907)",0.47842616566038965
4157,-5596.7058823529405,nan,9.0,"(3614.777777777778, 71.44444444444444)",0.8836827247819196
4158,177.72586872586908,19.675623385646638,11.0,"(3614.5454545454545, 715.4545454545455)",0.7924057708810606
4159,-22737.047619047575,nan,431.0,"(3627.619489559165, 2230.0371229698376)",0.8672076424229829
4160,931.3720930232557,17.877191947754998,15.0,"(3615.0, 878.8666666666667)",0.837204155524121
4161,1376.6205533596876,17.452964376465992,22.0,"(3616.8636363636365, 892.5454545454545)",0.7473105576170351
4162,-2977.380952380954,nan,16.0,"(3618.875, 517.5625)",0.7715950791068796
4163,-12234.799212598424,nan,10.0,"(3619.1, 68.7)",0.8358607747500545
4164,840.549019607839,17.988592385143647,31.0,"(3620.1612903225805, 332.51612903225805)",0.610698708129959
4165,-8648.07086614173,nan,20.0,"(3619.4, 1036.65)",0.7136014392553935
4166,-3099.2039215686273,nan,10.0,"(3619.4, 349.7)",0.6618387674932783
4167,-32695.619047619053,nan,45.0,"(3621.711111111111, 398.1111111111111)",0.8826313205104881
4168,309.03676470588107,19.07497462862957,8.0,"(3620.0, 1717.0)",0.7071067811865476
4169,110.20622568093313,20.19448467744688,14.0,"(3621.214285714286, 689.7142857142857)",0.4728376512902299
4170,5146.74803149607,16.02116773228378,172.0,"(3624.5872093023254, 919.4360465116279)",0.8289437490085575
4171,-2413.748031496063,nan,11.0,"(3621.3636363636365, 1353.5454545454545)",0.8135405281446273
4172,-6081.793103448275,nan,31.0,"(3622.967741935484, 2115.9032258064517)",0.8493930322367393
4173,1701.411067193676,17.22297686640051,27.0,"(3622.925925925926, 33.55555555555556)",0.31028586464157004
4174,-9727.64230769231,nan,12.0,"(3620.9166666666665, 1760.0833333333333)",0.9316332588903511
4175,587.7294117647034,18.377056438317375,21.0,"(3624.095238095238, 1076.857142857143)",0.7399303814101218
4176,47.448529411764866,21.109443108157727,9.0,"(3622.0, 1674.0)",0.0
4177,3911.4940711462405,16.319143309250133,79.0,"(3626.0886075949365, 2260.493670886076)",0.41054232388575634
4178,1689.2168674698842,17.230786476576682,43.0,"(3625.9302325581393, 639.2790697674419)",0.5728910166161114
4179,-8066.521235521235,nan,11.0,"(3625.4545454545455, 1273.4545454545455)",0.8432177850735577
4180,161.63385826771628,19.778669150385333,9.0,"(3624.1111111111113, 1772.6666666666667)",0.6945875203623408
4181,1084.0271317829465,17.712399619595192,47.0,"(3628.0, 793.1489361702128)",0.5764278044789111
4182,721.2677165354326,18.15475876526963,10.0,"(3627.5, 1352.8)",0.8654345930167235
4183,3417.5714285714203,16.465705999354455,79.0,"(3632.3670886075947, 149.08860759493672)",0.43989160853826675
4184,-3211.505928853756,nan,16.0,"(3628.875, 2132.625)",0.459845679187568
4185,1000.3464566929106,17.799623904571753,26.0,"(3630.0, 2083.346153846154)",0.6337457469188336
4186,4992.078125,16.05429656663194,57.0,"(3634.684210526316, 1335.4035087719299)",0.5678939627751242
4187,387.2047244094483,18.83014838091146,8.0,"(3631.375, 667.375)",0.713214926384501
4188,-6470.945945945947,nan,11.0,"(3631.5454545454545, 687.4545454545455)",0.7200063991949811
4189,-5395.371999999999,nan,9.0,"(3632.0, 1517.4444444444443)",0.9290803560351476
4190,1354.535433070865,17.470524074609738,52.0,"(3635.1923076923076, 415.40384615384613)",0.5196217811594678
4191,-2901.1789883268484,nan,9.0,"(3633.777777777778, 1482.3333333333333)",0.7476211403967077
4192,-102520.38735177869,nan,142.0,"(3638.4225352112676, 1454.1478873239437)",0.9084554859897295
4193,1185.9486166007846,17.614835317922992,34.0,"(3635.676470588235, 1625.5294117647059)",0.6162212017275521
4194,-36498.28853754941,nan,58.0,"(3643.0172413793102, 2058.344827586207)",0.8690981511846841
4195,-3071.8046875,nan,11.0,"(3638.6363636363635, 699.2727272727273)",0.9127063588456589
4196,7766.090909090912,15.574493824880076,120.0,"(3643.491666666667, 1476.3083333333334)",0.7215671796389223
4197,2858.1832669322757,16.659774819141113,60.0,"(3642.2833333333333, 1117.95)",0.6428882155274013
4198,624.2558139534885,18.311593510482545,17.0,"(3643.0, 646.8823529411765)",0.7761451587298762
4199,-2517.8240000000005,nan,9.0,"(3641.5555555555557, 1283.0)",0.7350307664916406
4200,-1828.339920948616,nan,27.0,"(3644.814814814815, 1204.037037037037)",0.7033121242864916
4201,-8898.476744186046,nan,12.0,"(3646.0, 1488.8333333333333)",0.8263099744498753
4202,-1540.89453125,nan,38.0,"(3648.684210526316, 2262.5789473684213)",0.7735324821427353
4203,-93007.65369649802,nan,236.0,"(3654.4322033898306, 1857.2754237288136)",0.904464075928882
4204,333.53125,18.992158672234073,21.0,"(3651.3333333333335, 242.28571428571428)",0.5435982170007724
4205,3955.4980392156867,16.306997066088577,95.0,"(3653.2105263157896, 599.2526315789473)",0.4923082675143039
4206,-4949.803921568629,nan,19.0,"(3652.5263157894738, 916.6842105263158)",0.8799314358243255
4207,2139.807843137256,16.974063062435555,40.0,"(3652.3, 1188.525)",0.6476929539755182
4208,-6249.606299212599,nan,14.0,"(3651.0, 1544.642857142857)",0.6606206343735247
4209,-9056.4094488189,nan,44.0,"(3655.590909090909, 785.1136363636364)",0.8850403710477652
4210,-16477.374015748028,nan,13.0,"(3655.846153846154, 151.53846153846155)",0.893144125461554
4211,-2691.212598425198,nan,31.0,"(3656.8387096774195, 194.4516129032258)",0.4740453939404171
4212,353.7874015748039,18.92814409111493,9.0,"(3654.3333333333335, 1178.0)",0.756344954742211
4213,-5770.860000000001,nan,35.0,"(3659.942857142857, 132.68571428571428)",0.6570399867161439
4214,1202.3884615384595,17.599888000036195,25.0,"(3659.08, 886.08)",0.4983730948900148
4215,411.10714285714494,18.765112443560596,18.0,"(3661.9444444444443, 707.3333333333334)",0.7138673157139985
4216,896.0199203187221,17.91920583748439,32.0,"(3665.0625, 611.3125)",0.695971229612168
4217,2885.212598425198,16.649555450273105,51.0,"(3665.176470588235, 1277.078431372549)",0.5014865911413098
4218,6245.887999999999,15.81101451929196,30.0,"(3664.5, 1326.9333333333334)",0.5429181957568997
4219,616.9130434782564,18.324440118275827,37.0,"(3665.864864864865, 844.1891891891892)",0.4612485370089279
4220,1207.3307392996103,17.595434354630996,26.0,"(3664.3076923076924, 1338.7307692307693)",0.5437146438258473
4221,-2713.941176470602,nan,92.0,"(3667.8695652173915, 1022.4891304347826)",0.822220588822769
4222,2502.392,16.804111642579837,63.0,"(3667.3015873015875, 1724.015873015873)",0.4005274668377568
4223,626.18359375,18.308245788129536,29.0,"(3667.5862068965516, 1125.551724137931)",0.3364177720713402
4224,484.4330708661437,18.586915541173706,27.0,"(3666.6296296296296, 1936.4814814814815)",0.5027456721301952
4225,-2178.7599999999984,nan,17.0,"(3667.0588235294117, 2286.5882352941176)",0.788843230696404
4226,-669.8888888888905,nan,45.0,"(3672.6222222222223, 1006.0)",0.8197776768559524
4227,1480.4513618677083,17.374014640425727,42.0,"(3673.3333333333335, 771.7857142857143)",0.6394261926924595
4228,159.53754940711406,19.792842708146186,9.0,"(3673.3333333333335, 834.4444444444445)",0.8454609500477417
4229,5247.298804780876,16.00016051104379,22.0,"(3674.0454545454545, 1286.7727272727273)",0.6775287596093507
4230,-6556.75,nan,10.0,"(3672.8, 1711.6)",0.8664423838836068
4231,1985.3058823529427,17.055431426554815,54.0,"(3674.537037037037, 354.6666666666667)",0.7534022119638103
4232,-31432.047244094487,nan,104.0,"(3678.625, 963.6634615384615)",0.8222760002962448
4233,2447.239999999998,16.828308593616285,33.0,"(3675.0, 1331.2424242424242)",0.5106776435515796
4234,-7921.190476190473,nan,17.0,"(3676.6470588235293, 2031.1176470588234)",0.9205388493879513
4235,-6446.224409448816,nan,12.0,"(3676.6666666666665, 1092.0)",0.901469450424461
4236,125.99604743083,20.04910769684706,11.0,"(3677.909090909091, 545.3636363636364)",0.5913123959890826
4237,1256.5849802371595,17.55202033910691,50.0,"(3680.12, 724.28)",0.3881323300848365
4238,9103.5,15.40197900863463,102.0,"(3683.5196078431372, 51.22549019607843)",0.4184534695013759
4239,-2953.6976744186068,nan,14.0,"(3681.1428571428573, 363.14285714285717)",0.7124437464874184
4240,-8567.194552529181,nan,33.0,"(3682.060606060606, 1234.121212121212)",0.7733010400787899
4241,609.5907335907341,18.337404108358307,8.0,"(3681.75, 1460.625)",0.6038096174684119
4242,218.8809523809523,19.449480075702983,8.0,"(3682.25, 598.875)",0.7884053195431427
4243,-3016.40625,nan,11.0,"(3683.2727272727275, 1098.6363636363637)",0.6820406545031044
4244,-108347.8705882353,nan,47.0,"(3687.2978723404253, 1469.404255319149)",0.9421410709013058
4245,169.3149606299212,19.728261665094447,14.0,"(3685.5, 1143.2857142857142)",0.5286825025645706
4246,361.3046875,18.905316009848434,20.0,"(3686.2, 1705.4)",0.43636744435628066
4247,1358.3837209302364,17.46744382929428,53.0,"(3689.5849056603774, 853.2452830188679)",0.4793684855200358
4248,-34516.76494023902,nan,78.0,"(3691.9358974358975, 1692.525641025641)",0.8551768122764695
4249,3615.8418972332,16.40447641829335,56.0,"(3690.375, 982.5178571428571)",0.33678400079908044
4250,24974.675889328064,14.30625034788405,268.0,"(3700.555970149254, 806.9104477611941)",0.7769123015416232
4251,842.27734375,17.986362202879636,23.0,"(3691.1739130434785, 1179.0)",0.6081018360662958
4252,-6240.8249027237325,nan,11.0,"(3689.7272727272725, 2271.5454545454545)",0.8701730817066606
4253,1217.7222222222263,17.586129421118464,51.0,"(3693.4901960784314, 1542.6666666666667)",0.42693432330285735
4254,-2531.0,nan,10.0,"(3692.7, 2263.4)",0.8065162306380169
4255,1968.32283464566,17.06475917303576,71.0,"(3696.760563380282, 592.2394366197183)",0.5913656580171313
4256,171.12598425196848,19.71671010238273,11.0,"(3694.6363636363635, 693.4545454545455)",0.6652127331620754
4257,1672.7142857142826,17.241445585033368,43.0,"(3696.6279069767443, 1646.5116279069769)",0.6924399331472074
4258,1215.3999999999942,17.588201919971763,32.0,"(3696.59375, 1476.0625)",0.48032515201167836
4259,1184.3214285714275,17.616326031807308,61.0,"(3698.3934426229507, 1529.9344262295083)",0.5067377381870163
4260,143.80478087649317,19.905566688329202,9.0,"(3695.8888888888887, 1676.7777777777778)",0.8271049045234626
4261,620.078431372549,18.318883436907555,10.0,"(3697.4, 966.6)",0.7633031020602778
4262,1496.184313725491,17.362537256982222,42.0,"(3699.785714285714, 1826.1904761904761)",0.5145154480315629
4263,791.7171314741026,18.053574893826756,14.0,"(3699.1428571428573, 991.7857142857143)",0.46380820298736997
4264,1260571.858299595,10.048580981328444,1303.0,"(3716.4842670759786, 2150.000767459708)",0.5579845245567336
4265,4873.314741035865,16.08043884745433,152.0,"(3704.9934210526317, 528.2171052631579)",0.4583904255791822
4266,1987.9055118110264,17.0540106553225,73.0,"(3703.5616438356165, 559.8082191780821)",0.594682004362996
4267,624.4392156862741,18.31127457607822,9.0,"(3700.777777777778, 210.55555555555554)",0.7551636886177041
4268,332.3700787401576,18.995945200057797,17.0,"(3703.823529411765, 1739.4117647058824)",0.7488050322616108
4269,-2883.322834645671,nan,12.0,"(3703.0833333333335, 1446.8333333333333)",0.618427060845295
4270,-10606.315384615387,nan,112.0,"(3711.0803571428573, 1371.9285714285713)",0.7709394746812004
4271,189.984375,19.60320528880633,12.0,"(3706.25, 1900.75)",0.7128641896874381
4272,153924.2423076923,12.331732438866103,449.0,"(3719.0, 473.07572383073494)",0.35604059752533
4273,-3246.102362204725,nan,8.0,"(3708.625, 1636.5)",0.8705242673240075
4274,570.0840000000026,18.410152869377146,14.0,"(3709.0, 1820.2142857142858)",0.7245797725061368
4275,345.92094861660007,18.95255784190607,8.0,"(3708.875, 1182.375)",0.6792452337732823
4276,1122.3225806451592,17.674705747942486,41.0,"(3712.487804878049, 223.97560975609755)",0.7452357595988651
4277,2037.6023622047214,17.027201411409834,66.0,"(3715.8030303030305, 645.7878787878788)",0.33246106044180196
4278,68440.87351778656,13.211711140377986,364.0,"(3724.543956043956, 208.13186813186815)",0.5532317866704577
4279,292.9411764705874,19.133048946546396,9.0,"(3714.222222222222, 1020.4444444444445)",0.8717706645859533
4280,1193.0196850393695,17.608380975833697,51.0,"(3718.098039215686, 1071.5882352941176)",0.6472337575635131
4281,1105.4500000000007,17.691152239938795,19.0,"(3716.5789473684213, 189.47368421052633)",0.765049473179294
4282,565.9453125,18.418063832042357,32.0,"(3715.84375, 792.15625)",0.7686968696915578
4283,1013.4527559055132,17.78549122997743,40.0,"(3717.375, 2077.9)",0.5567635091054236
4284,1430.588235294119,17.41121337694394,34.0,"(3719.294117647059, 2280.823529411765)",0.36494770911075797
4285,342.9302325581375,18.961985565031274,17.0,"(3719.4117647058824, 1285.235294117647)",0.6364402548358984
4286,-8744.047999999999,nan,16.0,"(3720.25, 34.0)",0.7960721374857722
4287,-3276.9133858267724,nan,10.0,"(3719.3, 668.1)",0.3015113445777637
4288,21476.58498023718,14.47008693803515,248.0,"(3728.7943548387098, 1021.0483870967741)",0.5576507747565648
4289,21556.131474103604,14.46607294060064,230.0,"(3725.904347826087, 1840.1913043478262)",0.8139380345611757
4290,-2978.968503937007,nan,10.0,"(3722.5, 1792.8)",0.8127767593909538
4291,-2948.8470588235286,nan,26.0,"(3724.6153846153848, 389.6923076923077)",0.4246621339164286
4292,-9413.46875,nan,33.0,"(3726.818181818182, 1061.3030303030303)",0.8858581627936077
4293,616.6117647058854,18.32497048341356,31.0,"(3726.8387096774195, 358.5806451612903)",0.32167322679540467
4294,546.6117647058854,18.455802563094572,38.0,"(3728.2631578947367, 1248.8157894736842)",0.5068593810487384
4295,195.83268482490348,19.570287054896305,12.0,"(3725.6666666666665, 2201.75)",0.7428193900762412
4296,864.2162162162131,17.958443972037372,39.0,"(3729.769230769231, 302.64102564102564)",0.7562095805735456
4297,1454.2290076335921,17.393417991739057,62.0,"(3731.064516129032, 1462.016129032258)",0.5944167957027165
4298,60540.119999999995,13.34489180634727,411.0,"(3742.7299270072995, 969.07299270073)",0.7138564160892185
4299,4697.687022900762,16.12028980220539,124.0,"(3737.0564516129034, 592.016129032258)",0.6740218031325912
4300,1277.3015873015902,17.534266370316566,31.0,"(3732.6129032258063, 1087.9354838709678)",0.569210349758486
4301,-5599.511811023607,nan,91.0,"(3734.703296703297, 1478.3846153846155)",0.8196161421159939
4302,613.3921568627447,18.330654453558303,14.0,"(3732.9285714285716, 2119.3571428571427)",0.8412016167998896
4303,3463.4186046511604,16.451237536139917,87.0,"(3737.862068965517, 1676.1264367816093)",0.37903292768148056
4304,494.4803149606305,18.564627481977624,14.0,"(3732.214285714286, 1926.2142857142858)",0.8573860311337047
4305,-2363.985294117647,nan,8.0,"(3735.0, 55.0)",0.9101797211244547
4306,-1531.775193798443,nan,50.0,"(3738.74, 1863.26)",0.8015932162411423
4307,667.953125,18.238135034934412,36.0,"(3737.222222222222, 869.5)",0.5187614782016376
4308,231.3667953667955,19.389247421841304,9.0,"(3735.4444444444443, 2008.4444444444443)",0.8749849885166953
4309,379.921875,18.850764250199227,26.0,"(3737.1923076923076, 527.6923076923077)",0.729957802772616
4310,-105368.86693548388,nan,45.0,"(3737.5333333333333, 735.0)",0.9505362994249902
4311,2611.796875,16.75765150522377,61.0,"(3740.3278688524592, 170.327868852459)",0.5780189521433202
4312,2857.4651162790688,16.660047656837374,46.0,"(3739.413043478261, 404.5217391304348)",0.5654256142569201
4313,-3119.0629921259824,nan,17.0,"(3739.0, 1092.3529411764705)",0.7560755373762782
4314,2065.6414342629505,17.012362658923703,48.0,"(3741.75, 2261.0625)",0.360657850651887
4315,2217.727626459142,16.9352294835978,55.0,"(3743.7818181818184, 460.3272727272727)",0.3550599547064314
4316,123.31349206349114,20.072473508669663,10.0,"(3742.2, 694.0)",0.8062257748298549
4317,4931.760956175305,16.067494954851114,104.0,"(3746.9615384615386, 1765.7211538461538)",0.49586781574002314
4318,83570.36821705429,12.994869210739704,519.0,"(3755.7938342967245, 327.3005780346821)",0.4445273656992801
4319,824.8779527559091,18.00902576003628,39.0,"(3747.153846153846, 664.1794871794872)",0.38309276652909885
4320,-4101.846456692918,nan,65.0,"(3748.630769230769, 1267.676923076923)",0.729008027192212
4321,1917.0352941176534,17.093424728368955,62.0,"(3748.1774193548385, 1620.8870967741937)",0.6102319715473624
4322,1196.9098039215678,17.604846439220093,31.0,"(3748.2903225806454, 276.38709677419354)",0.6644920946891102
4323,795.7480000000032,18.048061110608284,20.0,"(3750.75, 1356.0)",0.7005185567241738
4324,16521.35433070868,14.75488588614609,245.0,"(3758.469387755102, 801.1877551020408)",0.7198073312608205
4325,234.61417322834677,19.37411438838442,11.0,"(3750.4545454545455, 1798.8181818181818)",0.8471737420873575
4326,224.4960629921261,19.421978177139255,8.0,"(3751.375, 2180.375)",0.20412414523193195
4327,-3336.239215686275,nan,9.0,"(3751.777777777778, 740.4444444444445)",0.6759592151917008
4328,820.2639999999992,18.01511587120313,23.0,"(3754.1304347826085, 1236.7391304347825)",0.3330881178247037
4329,12511.563492063491,15.056721039605836,214.0,"(3762.5607476635514, 1442.1168224299065)",0.4666055446573711
4330,344.515625,18.956977691303834,14.0,"(3756.785714285714, 370.5)",0.7512550300251774
4331,-9626.788235294123,nan,34.0,"(3761.3823529411766, 2029.6470588235295)",0.803408834286183
4332,707.0434782608718,18.176384698222744,26.0,"(3760.1923076923076, 412.88461538461536)",0.7202625027302316
4333,-2826.6719367588958,nan,14.0,"(3758.6428571428573, 1742.857142857143)",0.6612570700938846
4334,18851.09090909091,14.6116587804771,162.0,"(3765.598765432099, 1073.432098765432)",0.6692393737712141
4335,-6647.790322580644,nan,10.0,"(3761.7, 1125.0)",0.7344344350545795
4336,3043.7250996015937,16.59148643586184,66.0,"(3764.878787878788, 1336.2272727272727)",0.6340972080348729
4337,-6457.09375,nan,15.0,"(3762.866666666667, 290.6666666666667)",0.7721702450173076
4338,97285.304,12.829881899168445,683.0,"(3775.449487554905, 383.0453879941435)",0.34096604054317614
4339,-83432.74803149607,nan,114.0,"(3767.464912280702, 1475.6491228070176)",0.8804673260653606
4340,288.33463035019486,19.15025798415447,14.0,"(3763.5714285714284, 1154.7142857142858)",0.48412291827592674
4341,4795.921875,16.097819750303255,108.0,"(3771.1018518518517, 529.1388888888889)",0.4893767425857524
4342,1062.9322709163316,17.733736018617464,26.0,"(3768.230769230769, 1499.1153846153845)",0.6524837706355999
4343,-9914.04705882353,nan,9.0,"(3767.222222222222, 221.55555555555554)",0.8991040409851684
4344,-332.2362204724486,nan,71.0,"(3770.0985915492956, 253.6338028169014)",0.7876837007824509
4345,443.76377952755865,18.68212037058934,21.0,"(3769.809523809524, 1506.7619047619048)",0.6354298465223911
4346,12049.629921259839,15.097565728287686,80.0,"(3773.3375, 25.125)",0.5639328209093667
4347,5046.78486055776,16.042463021038817,71.0,"(3774.0704225352115, 1215.2394366197184)",0.49442594518234406
4348,4296.211267605628,16.21728592552258,36.0,"(3773.5555555555557, 2.0555555555555554)",0.6959426185253509
4349,-11470.498023715416,nan,11.0,"(3772.909090909091, 71.36363636363636)",0.8310504360067045
4350,1089.3040000000037,17.707127254012484,38.0,"(3774.0526315789475, 470.44736842105266)",0.5761871465485969
4351,1209843.3027888446,10.093177188136544,1302.0,"(3792.768049155146, 60.12058371735791)",0.37186029304019314
4352,748.7764705882291,18.11411952811027,31.0,"(3775.3870967741937, 2225.483870967742)",0.5483428179341102
4353,-1700.6785714285797,nan,67.0,"(3777.791044776119, 1275.9701492537313)",0.774378395046853
4354,317.7674418604656,19.044726505586638,16.0,"(3775.75, 2119.4375)",0.6866521571706687
4355,2335.027667984192,16.879269922667937,37.0,"(3777.189189189189, 2275.4324324324325)",0.7492672807586671
4356,999.1264822134399,17.8009488243542,53.0,"(3779.3584905660377, 332.47169811320754)",0.4077547681874879
4357,1134.5236220472434,17.662966142973467,36.0,"(3777.8333333333335, 1055.1944444444443)",0.4889484725341426
4358,3683.996015936267,16.384202120358594,79.0,"(3781.8987341772154, 2194.215189873418)",0.7793936783956941
4359,-3058.576000000001,nan,13.0,"(3778.6923076923076, 1561.0)",0.6761441923112792
4360,1582.3255813953438,17.30176037659764,61.0,"(3781.3606557377047, 414.8032786885246)",0.6294331348599486
4361,-34233.849206349216,nan,34.0,"(3782.235294117647, 93.05882352941177)",0.8800654613320259
4362,-5330.991999999998,nan,45.0,"(3784.0, 2064.5777777777776)",0.8434415641383713
4363,153.88000000000102,19.83204455591305,11.0,"(3781.909090909091, 871.7272727272727)",0.7989749898493624
4364,-3257.6904761904734,nan,14.0,"(3782.5, 1179.642857142857)",0.8401392767632294
4365,498.30158730158655,18.55626932353723,8.0,"(3781.0, 2285.625)",0.7930733508692994
4366,3388.3333333333358,16.475034679364015,57.0,"(3786.0526315789475, 1424.561403508772)",0.48028260874977813
4367,652.6000000000058,18.26338232637035,32.0,"(3785.03125, 1627.75)",0.4472258944648816
4368,244.43307086614368,19.329600090150645,18.0,"(3783.8333333333335, 1882.4444444444443)",0.6650059915223676
4369,564.2599999999984,18.42130183868339,14.0,"(3785.785714285714, 927.0)",0.5326683136211325
4370,168.03149606299303,19.73652326466876,11.0,"(3785.5454545454545, 1135.6363636363637)",0.7102438650280293
4371,-3104.972972972988,nan,95.0,"(3788.557894736842, 2035.5473684210526)",0.8045335070691542
4372,2235.3100775193816,16.92665555983685,42.0,"(3788.595238095238, 2253.2380952380954)",0.4911520294604068
4373,475.3227091633471,18.60752859055844,9.0,"(3788.777777777778, 1717.111111111111)",0.8271049045234626
4374,2242.375,16.923229392809233,220.0,"(3798.690909090909, 1449.3272727272727)",0.7923530560344131
4375,5044.614173228358,16.04293011065666,87.0,"(3795.367816091954, 1571.3793103448277)",0.3460813525892991
4376,239.26771653543256,19.352789737757504,8.0,"(3791.5, 2240.625)",0.6353272369503311
4377,165002.24803149607,12.25627534702549,442.0,"(3805.3506787330316, 371.40497737556564)",0.25067880805638243
4378,-6421.0233463035,nan,19.0,"(3795.4210526315787, 453.7368421052632)",0.5829140735603813
4379,-25750.740157480308,nan,50.0,"(3797.72, 1028.54)",0.8912685598152505
4380,-5845.792307692311,nan,29.0,"(3797.103448275862, 1582.0689655172414)",0.8769355674075913
4381,1242.5833333333285,17.564186189598807,44.0,"(3798.068181818182, 2005.2272727272727)",0.5388320798858727
4382,-2398.4627450980406,nan,30.0,"(3796.8, 2170.4333333333334)",0.667594418161641
4383,285.60000000000036,19.160604492239656,13.0,"(3798.4615384615386, 280.6923076923077)",0.8361061259486567
4384,263.828125,19.246697272531144,14.0,"(3798.214285714286, 1779.5)",0.6556754106574112
4385,261.828125,19.25495926080912,17.0,"(3805.705882352941, 529.3529411764706)",0.506402112607515
4386,272.32800000000134,19.21226925856405,19.0,"(3811.0, 1378.578947368421)",0.4575727846088052
4387,135768.44615384622,12.46800288098513,610.0,"(3823.072131147541, 416.07377049180326)",0.6705447250224053
4388,3208.5714285714275,16.534220720222045,62.0,"(3814.064516129032, 2272.3870967741937)",0.29731678721903626
4389,-3024.102362204725,nan,8.0,"(3811.625, 442.625)",0.7186481753026731
4390,327.59375,19.01166098130839,26.0,"(3813.5384615384614, 668.7692307692307)",0.41245220272323435
4391,-228371.1490196078,nan,623.0,"(3829.845906902087, 1708.1043338683787)",0.7791471828187365
4392,3895.988439306355,16.32345585121925,52.0,"(3814.653846153846, 6.884615384615385)",0.738017845596524
4393,455.890625,18.652848346500093,17.0,"(3812.529411764706, 1686.235294117647)",0.7741510707769541
4394,-3263.7351778656157,nan,13.0,"(3813.923076923077, 1267.5384615384614)",0.8094031867992725
4395,4396.984251968504,16.192112724565376,97.0,"(3818.453608247423, 2019.1752577319587)",0.6077965110549165
4396,514.9722222222226,18.520540490799757,17.0,"(3816.9411764705883, 661.2352941176471)",0.6883425292165267
4397,349.89370078740103,18.940159690362453,20.0,"(3816.85, 1736.15)",0.8178304449329027
4398,-8321.456692913383,nan,25.0,"(3818.4, 51.64)",0.30268225417336747
4399,1134.5859375,17.662906508882283,46.0,"(3820.413043478261, 714.6739130434783)",0.6367355140125313
4400,-2974.58203125,nan,13.0,"(3819.6153846153848, 836.5384615384615)",0.8713538820039338
4401,5982.349206349201,15.857820598972193,84.0,"(3822.4523809523807, 175.10714285714286)",0.3531095583440109
4402,759.1031746031731,18.09924798082912,31.0,"(3821.7096774193546, 1196.0645161290322)",0.6771624756010327
4403,1012.2142857142899,17.78681884410655,39.0,"(3821.025641025641, 1497.3846153846155)",0.6636645395712572
4404,2979.7294117647107,16.614557930676007,70.0,"(3824.657142857143, 630.3714285714286)",0.5426556432323152
4405,1684.667984189724,17.233714193720743,32.0,"(3824.125, 1808.8125)",0.4835476675872024
4406,-3322.79365079365,nan,10.0,"(3824.0, 467.2)",0.6761234037828132
4407,53360.2755905512,13.481954840197538,441.0,"(3834.532879818594, 1788.251700680272)",0.5558279421736624
4408,3119.25680933852,16.56487217044338,72.0,"(3827.5833333333335, 2118.2638888888887)",0.6449103502755082
4409,277.0238095238092,19.19370725693788,15.0,"(3824.4666666666667, 1936.9333333333334)",0.7909732763119709
4410,-3286.8844621513963,nan,13.0,"(3827.3076923076924, 893.9230769230769)",0.4707892561659784
4411,1177.896825396827,17.62223187175684,38.0,"(3830.9210526315787, 1192.8157894736842)",0.4687603701890652
4412,529.8700787401576,18.489576509974942,11.0,"(3830.3636363636365, 1370.4545454545455)",0.9098831654549538
4413,647.5038759689924,18.27189406886231,19.0,"(3831.1052631578946, 1758.0)",0.4267542680489712
4414,508.8735177865601,18.533475373988033,15.0,"(3833.8, 665.0666666666667)",0.7663163812063458
4415,469.22134387351616,18.621555602454453,16.0,"(3835.375, 998.125)",0.7719005030480903
4416,-1773.9209486166,nan,16.0,"(3837.125, 45.1875)",0.7498640267918566
4417,102654.50194552529,12.771554999386018,307.0,"(3845.442996742671, 2151.267100977199)",0.33303215486857163
4418,-6421.359375,nan,13.0,"(3837.6153846153848, 350.53846153846155)",0.8345411849726968
4419,-2986.418972332016,nan,17.0,"(3840.470588235294, 1490.3529411764705)",0.8086049821048814
4420,-10152.90625,nan,10.0,"(3838.8, 1900.8)",0.7791692379450511
4421,-3107.601593625499,nan,9.0,"(3839.8888888888887, 1104.7777777777778)",0.7685395951130068
4422,506.62121212121565,18.538291575870527,32.0,"(3842.96875, 194.0)",0.7191489325613866
4423,31.85658914728674,21.542001813789398,8.0,"(3843.0, 1396.125)",0.4330127018922193
4424,1677.4330708661437,17.238386997619315,59.0,"(3847.830508474576, 1377.7457627118645)",0.6803955866922494
4425,122.578125,20.07896756515233,8.0,"(3846.25, 1860.75)",0.7384255845247096
4426,-6092.641711229946,nan,12.0,"(3848.0, 2300.9166666666665)",0.9273522091724374
4427,2351.6307692307746,16.87157716511397,70.0,"(3851.0714285714284, 263.07142857142856)",0.6728543083306704
4428,1772.079365079364,17.178792078802772,51.0,"(3851.4901960784314, 463.3333333333333)",0.7471217867648834
4429,-3224.708661417322,nan,9.0,"(3849.0, 1765.6666666666667)",0.7211200002014748
4430,82.5078125,20.508762317564578,8.0,"(3848.75, 1474.5)",0.2886751345948129
4431,921.7047244094501,17.888520466070467,45.0,"(3852.1555555555556, 340.7111111111111)",0.37815917785254793
4432,910.7490196078434,17.901503218974746,36.0,"(3852.6111111111113, 157.30555555555554)",0.4733685052608719
4433,594.0551181102346,18.365433145204427,40.0,"(3853.025, 1064.8)",0.2998083361346624
4434,11431.760956175305,15.154717163591048,145.0,"(3857.6, 324.9862068965517)",0.42378288271585246
4435,556.3488372093016,18.436632038267778,22.0,"(3855.1363636363635, 560.1363636363636)",0.5887707377505
4436,1280.565217391304,17.53149574655796,32.0,"(3855.875, 493.8125)",0.7033727601167895
4437,723.5629921259824,18.151309134956517,38.0,"(3856.9473684210525, 828.8157894736842)",0.6728500316575021
4438,229.75875486381483,19.39681982753033,18.0,"(3858.222222222222, 991.7222222222222)",0.5417759187559478
4439,654.8333333333321,18.259673053929596,17.0,"(3859.0, 764.8823529411765)",0.5357481670629802
4440,-2988.0,nan,18.0,"(3860.722222222222, 1226.3333333333333)",0.7005198569361376
4441,19614.190476190473,14.568574028800228,45.0,"(3864.0666666666666, 1292.6666666666667)",0.6402779387620179
4442,-2928.0,nan,13.0,"(3861.153846153846, 1489.6153846153845)",0.8888082192150945
4443,30244.60784313723,14.098380105645393,326.0,"(3870.846625766871, 1017.8435582822086)",0.8610678368681897
4444,388.5764705882357,18.826308751768995,24.0,"(3862.4583333333335, 1670.2916666666667)",0.4101339738953718
4445,193.35968379446786,19.584085182028918,13.0,"(3863.153846153846, 798.3846153846154)",0.6680766284822534
4446,662.640625,18.24680485506028,31.0,"(3865.4193548387098, 925.2903225806451)",0.6039730069324479
4447,-2520.4400000000023,nan,31.0,"(3866.7419354838707, 1467.967741935484)",0.6317650115482139
4448,676.766798418972,18.223902388874723,26.0,"(3867.8076923076924, 1774.1153846153845)",0.40551463383161096
4449,180.4765625,19.658947973839325,11.0,"(3867.181818181818, 1893.7272727272727)",0.8082777398868201
4450,175.677165354331,19.688211711872025,16.0,"(3868.4375, 1510.625)",0.7139787286747414
4451,997.7356321839106,17.802461293808918,44.0,"(3871.5454545454545, 1693.4772727272727)",0.41871466239253635
4452,4073.349206349216,16.275120891130747,73.0,"(3875.109589041096, 1376.7534246575342)",0.49859229481505946
4453,14726.850393700792,14.879725312611018,151.0,"(3877.0529801324506, 2149.205298013245)",0.5040811587174443
4454,1437.8400000000038,17.40572359674507,37.0,"(3873.2702702702704, 440.9189189189189)",0.7503883410354487
4455,2209.727272727265,16.939153310423606,55.0,"(3874.072727272727, 1625.8181818181818)",0.8025608761279766
4456,435.2777777777774,18.703083760746743,24.0,"(3875.0416666666665, 525.375)",0.5566647330198664
4457,19363.24609375,14.582554587296697,173.0,"(3879.3294797687863, 1746.4104046242774)",0.39378023502345744
4458,2206.4427480916056,16.94076834243238,53.0,"(3877.056603773585, 237.9433962264151)",0.8170631752520127
4459,1569.421259842522,17.310651171515016,32.0,"(3879.125, 370.59375)",0.6588562039759401
4460,401.55335968379586,18.79064184030662,18.0,"(3877.9444444444443, 679.2222222222222)",0.41652044217833617
4461,2088.1155378486073,17.00061368747199,61.0,"(3879.9836065573772, 1098.377049180328)",0.5967127889443185
4462,-2961.1351351351404,nan,28.0,"(3879.3571428571427, 1134.2142857142858)",0.8091186298691705
4463,241.10236220472143,19.3444963364843,17.0,"(3880.176470588235, 720.4705882352941)",0.6261867611995559
4464,-3271.456692913387,nan,14.0,"(3880.214285714286, 825.7857142857143)",0.7097454928557255
4465,502.5,18.547159834768685,14.0,"(3880.714285714286, 1771.0)",0.578852685105974
4466,124.39215686274474,20.063017504470977,10.0,"(3882.4, 1581.9)",0.8268574107709037
4467,-1416.56420233463,nan,29.0,"(3885.689655172414, 167.24137931034483)",0.7703666063912498
4468,218.58208955223927,19.45096356670802,8.0,"(3883.5, 1240.5)",0.816496580927726
4469,-6471.8125,nan,12.0,"(3884.5, 1594.8333333333333)",0.8737233583092769
4470,2142.9840637450106,16.972452646419388,69.0,"(3886.6521739130435, 1635.5217391304348)",0.7760954684844353
4471,887.2980392156896,17.929826195500368,35.0,"(3884.8285714285716, 1704.4)",0.7512479809854689
4472,751.3023255813896,18.11046316710731,38.0,"(3886.2105263157896, 678.3157894736842)",0.4546434860930657
4473,-3231.553359683792,nan,11.0,"(3886.090909090909, 701.3636363636364)",0.8424439047777528
4474,602.5891472868207,18.349946735738513,22.0,"(3887.2727272727275, 1114.409090909091)",0.6503118801471239
4475,1680.7920000000013,17.236215069229146,50.0,"(3893.96, 1936.3)",0.6332506918925853
4476,146.95121951219517,19.882067013682075,8.0,"(3892.5, 265.0)",0.5773502691896258
4477,302.45736434108403,19.09833959167271,16.0,"(3893.875, 110.0)",0.30618621784789724
4478,1214.16796875,17.58930307134137,32.0,"(3895.28125, 1517.34375)",0.6695870129868676
4479,1663.3548387096816,17.24753773525686,69.0,"(3897.5072463768115, 956.9710144927536)",0.5740824229232608
4480,383.73134328358174,18.839931815144915,8.0,"(3895.5, 981.5)",0.8944271909999159
4481,4401.6666666666715,16.190957122941796,80.0,"(3898.775, 1984.775)",0.6414523241421773
4482,-7191.959999999999,nan,21.0,"(3898.095238095238, 1369.7619047619048)",0.8469906569093819
4483,-3225.8661417322837,nan,8.0,"(3898.375, 364.375)",0.5691581042174771
4484,-60999.13709677418,nan,32.0,"(3898.96875, 836.46875)",0.9479848600053589
4485,21370.23622047245,14.475476693106359,54.0,"(3900.3518518518517, 1290.111111111111)",0.6538920666119136
4486,782.3464566929106,18.066502200122084,44.0,"(3905.4545454545455, 1079.2954545454545)",0.39690275801866526
4487,-3103.8809523809523,nan,8.0,"(3903.875, 987.75)",0.6297418585060147
4488,-2789.4980544747086,nan,12.0,"(3906.25, 630.3333333333334)",0.7058139900837893
4489,28166.33730158728,14.175674060484646,224.0,"(3912.6339285714284, 2189.9866071428573)",0.5060754409592528
4490,281.21875,19.17738931626011,18.0,"(3908.3333333333335, 1165.6666666666667)",0.7769858716272403
4491,843.2980392156896,17.985047273665806,19.0,"(3909.842105263158, 2241.684210526316)",0.5919919299835651
4492,-19491.525291828795,nan,9.0,"(3910.222222222222, 2266.3333333333335)",0.934195224859717
4493,6658.315315315311,15.741589104932855,84.0,"(3912.559523809524, 11.476190476190476)",0.7610147266172056
4494,12792.860465116275,15.032580842611255,134.0,"(3914.9850746268658, 1052.8432835820895)",0.6823098633902209
4495,392.53125,18.815314406772533,15.0,"(3910.4666666666667, 480.6)",0.7857622129174365
4496,1483.3058823529427,17.371923202469787,51.0,"(3915.2549019607845, 1638.450980392157)",0.4966873048641254
4497,-3244.9111969111964,nan,8.0,"(3913.25, 776.375)",0.5542407774358747
4498,-10184.193675889328,nan,11.0,"(3913.6363636363635, 1191.909090909091)",0.8245386395772143
4499,3773.992125984252,16.357997525693456,83.0,"(3919.4337349397592, 2042.3855421686746)",0.7715427902365474
4500,328.0745098039224,19.010068778511773,18.0,"(3916.777777777778, 1731.5555555555557)",0.6903468151851222
4501,921.8486055776884,17.88835099227081,47.0,"(3919.872340425532, 2116.255319148936)",0.38074581157563425
4502,617.22310756972,18.323894558020267,21.0,"(3918.285714285714, 2168.9523809523807)",0.7592162826835841
4503,854.765625,17.97038237903606,24.0,"(3919.7916666666665, 2061.4166666666665)",0.7392033991837481
4504,2263.164705882351,16.913209595832484,60.0,"(3923.7, 498.6)",0.46600014387833755
4505,-6082.133333333331,nan,23.0,"(3922.8695652173915, 220.17391304347825)",0.7853279536236131
4506,841.2047244094501,17.987745742189706,31.0,"(3922.6129032258063, 348.35483870967744)",0.4372378838815292
4507,1311.1889763779545,17.505836776717654,46.0,"(3923.5, 1184.608695652174)",0.5689035320512509
4508,763.1496062992155,18.093475788726217,43.0,"(3923.6279069767443, 1439.3255813953488)",0.7496222320238048
4509,578.7716535433065,18.393731868602565,30.0,"(3923.6, 869.3666666666667)",0.48941544244888174
4510,9835.893280632416,15.31796547999899,128.0,"(3927.4453125, 955.078125)",0.4428921790377977
4511,4603.7598425196775,16.14221834911129,86.0,"(3926.5581395348836, 1837.1860465116279)",0.4730713558799052
4512,1318.0155642023383,17.50019865302103,45.0,"(3927.6666666666665, 634.7555555555556)",0.7580404746230424
4513,-3241.525096525096,nan,8.0,"(3923.75, 1250.625)",0.8043077212665621
4514,502.4630350194566,18.547239706796418,32.0,"(3927.21875, 840.34375)",0.49552198084499455
4515,9647.902723735402,15.33891771003456,169.0,"(3933.207100591716, 1392.6153846153845)",0.3662052852155025
4516,1402.3529411764684,17.43285667577519,50.0,"(3931.16, 2149.7)",0.5945733307860276
4517,-57318.38582677164,nan,89.0,"(3935.674157303371, 140.97752808988764)",0.8607241146082631
4518,3206.269841269852,16.534999825008537,141.0,"(3937.2198581560283, 1139.0354609929077)",0.7145332250421369
4519,899.887999999999,17.914528848648285,30.0,"(3932.633333333333, 1995.5)",0.623083932026702
4520,1236.6865079365089,17.56935094318294,56.0,"(3936.214285714286, 914.0178571428571)",0.5275412523404337
4521,599.18359375,18.35610021641479,26.0,"(3934.076923076923, 1285.8461538461538)",0.48754951210471553
4522,30494.04651162791,14.089462354053326,203.0,"(3939.600985221675, 1236.7586206896551)",0.4180094726323651
4523,2052.5625,17.019259024629882,42.0,"(3936.5476190476193, 2080.595238095238)",0.411703022714795
4524,-969.1919999999955,nan,55.0,"(3936.927272727273, 280.74545454545455)",0.765956117255499
4525,5842.833333333343,15.883441254379214,118.0,"(3938.8728813559323, 970.7457627118644)",0.7020185592928583
4526,370.8346456692889,18.877049245379617,26.0,"(3937.846153846154, 1002.8461538461538)",0.66038709741744
4527,24940.286821705406,14.307746390739553,228.0,"(3944.3333333333335, 2008.7587719298247)",0.7457981909207984
4528,2276.360465116275,16.90689741411129,73.0,"(3940.986301369863, 232.1095890410959)",0.24990171511473974
4529,1459.1574803149597,17.389744585309213,17.0,"(3939.470588235294, 391.1764705882353)",0.6073853503403058
4530,-3081.0622568093386,nan,9.0,"(3939.222222222222, 197.33333333333334)",0.5886140160896226
4531,3281.4881889763783,16.509822886388754,76.0,"(3943.315789473684, 2226.0)",0.7117990336855664
4532,258.95330739299607,19.266946344330464,21.0,"(3941.5714285714284, 1535.7142857142858)",0.3728679568888017
4533,11449.932539682544,15.152992680194497,126.0,"(3948.063492063492, 1714.2301587301588)",0.5849618009211005
4534,1178.253012048197,17.62190360337607,32.0,"(3943.28125, 323.96875)",0.7725697154071002
4535,-36270.88372093023,nan,31.0,"(3946.2258064516127, 36.58064516129032)",0.9048683823633499
4536,14683.44140625,14.882930363674967,147.0,"(3948.278911564626, 302.55102040816325)",0.6633757917760608
4537,564.546875,18.420749980633364,9.0,"(3944.6666666666665, 1616.3333333333333)",0.816496580927726
4538,13569.10116731518,14.96862229886904,168.0,"(3952.1964285714284, 252.60119047619048)",0.6946990658631627
4539,169.64566929133798,19.72614305632893,14.0,"(3947.714285714286, 927.8571428571429)",0.6112961323812776
4540,1172.5375494071195,17.62718310129938,45.0,"(3951.3777777777777, 1357.1555555555556)",0.4439682813991597
4541,517.6086956521722,18.51499609069174,18.0,"(3949.722222222222, 1699.111111111111)",0.7467165292917377
4542,326.581027667984,19.015022621705306,11.0,"(3950.090909090909, 1257.5454545454545)",0.6083335284647815
4543,-2843.2071713147416,nan,12.0,"(3952.3333333333335, 654.0833333333334)",0.7983103929994448
4544,3350.763779527566,16.48714046940298,96.0,"(3957.40625, 951.1354166666666)",0.7695266189309098
4545,478.45955882353155,18.60038691129058,25.0,"(3953.0, 1456.0)",0.6180781679995343
4546,-1312.1593625498026,nan,32.0,"(3955.375, 146.0625)",0.48562858531028746
4547,779.758893280632,18.070099158353372,25.0,"(3956.08, 1964.52)",0.7364762337055015
4548,-2758.1111111111095,nan,17.0,"(3957.0588235294117, 579.6470588235294)",0.7169378418677256
4549,1283.0358565737042,17.529403015932317,51.0,"(3959.2156862745096, 740.0784313725491)",0.6422506206887635
4550,903.1686274509775,17.910577891285996,37.0,"(3959.5675675675675, 1899.6486486486488)",0.66219977523219
4551,-6272.5546875,nan,15.0,"(3958.2, 2210.2)",0.8619581623601292
4552,31160.54054054056,14.065987543116634,228.0,"(3964.5087719298244, 360.5657894736842)",0.5218472751835195
4553,-12871.610441767065,nan,29.0,"(3959.9655172413795, 565.551724137931)",0.7576026828536002
4554,1526.6588235294112,17.340645019693383,39.0,"(3959.6153846153848, 680.3333333333334)",0.45168950300833205
4555,7330.7364341085195,15.637130986588073,124.0,"(3966.7580645161293, 1443.4274193548388)",0.663715736027487
4556,-12436.450592885376,nan,43.0,"(3964.5348837209303, 2057.093023255814)",0.8541122615702277
4557,1818.320158102768,17.15082411651483,37.0,"(3963.5675675675675, 216.40540540540542)",0.6162575331765537
4558,-1781.515625,nan,28.0,"(3963.5, 2287.3928571428573)",0.7356693152113627
4559,819.7595419847348,18.01578379862515,33.0,"(3967.969696969697, 150.96969696969697)",0.5864608952945981
4560,-3108.1968503937023,nan,18.0,"(3968.1111111111113, 777.3333333333334)",0.7750700942226543
4561,149.1875,19.865668909122924,12.0,"(3966.0, 1422.0)",0.3779644730092273
4562,741.4470588235308,18.124799633104953,24.0,"(3968.1666666666665, 2111.625)",0.6588074832541587
4563,-1713.0,nan,149.0,"(3977.0939597315437, 230.16107382550337)",0.820325958884664
4564,1700.9043824701148,17.223300249673446,58.0,"(3969.9137931034484, 1576.7931034482758)",0.4681195471398028
4565,177.04615384615317,19.67978375856142,19.0,"(3970.4210526315787, 526.5263157894736)",0.5928119198305343
4566,347.35546875,18.948064648054018,14.0,"(3969.9285714285716, 977.8571428571429)",0.32930993076585646
4567,1647.1328125,17.258178452879527,47.0,"(3973.191489361702, 1984.723404255319)",0.7064962832994754
4568,295.3858267716532,19.124025867199077,9.0,"(3974.6666666666665, 845.0)",0.7888954830250753
4569,1788.8412698412722,17.16857048548823,49.0,"(3976.122448979592, 1808.4285714285713)",0.6336567452080937
4570,764.8431372549021,18.09106906443629,36.0,"(3977.75, 933.8055555555555)",0.24151325367946802
4571,98.35826771653592,20.317972821625048,9.0,"(3975.1111111111113, 1837.3333333333333)",0.6945875203623408
4572,960.5097276264642,17.843745581084058,43.0,"(3978.7441860465115, 2111.5813953488373)",0.3522665282318092
4573,-3280.3385826771664,nan,11.0,"(3977.4545454545455, 963.6363636363636)",0.9020283424540314
4574,-10664.834645669296,nan,84.0,"(3982.309523809524, 580.1428571428571)",0.8668308394744665
4575,-13197.932270916335,nan,9.0,"(3980.1111111111113, 267.77777777777777)",0.8287549198892747
4576,-6431.464566929135,nan,12.0,"(3981.6666666666665, 999.5)",0.8750125529378318
4577,140.83203125,19.928246391872822,9.0,"(3981.1111111111113, 1424.888888888889)",0.639847293570111
4578,595.99209486166,18.361898751575282,17.0,"(3981.705882352941, 1668.0588235294117)",0.6517015252746591
4579,522.7410358565721,18.50428351469469,15.0,"(3982.9333333333334, 1501.6)",0.7083994563813848
4580,1077.1801242236033,17.719279171616897,20.0,"(3984.15, 5.15)",0.6103644413982677
4581,354.09055118110336,18.92721415532061,21.0,"(3985.190476190476, 819.4285714285714)",0.7141944145192671
4582,-3211.880478087649,nan,16.0,"(3986.0625, 871.375)",0.6375919221195967
4583,1662.1440000000002,17.248328384447902,55.0,"(3988.0363636363636, 1262.5454545454545)",0.7667106520175088
4584,-3207.170731707316,nan,14.0,"(3987.0, 855.5)",0.6293512442720078
4585,892.1146245059281,17.92394835287078,31.0,"(3988.4193548387098, 1019.3870967741935)",0.6170707905833099
4586,1214.0314960629912,17.589425115135178,42.0,"(3988.404761904762, 1859.8095238095239)",0.7017823899611968
4587,185.7421875,19.627723610096044,8.0,"(3988.25, 1885.75)",0.7384255845247096
4588,385.33725490195866,18.83539750201858,22.0,"(3991.318181818182, 1850.8636363636363)",0.3725743990816187
4589,1241.5199999999968,17.565115699698282,45.0,"(3990.733333333333, 2111.911111111111)",0.6884831949361954
4590,2209.7401574803152,16.93914697959615,62.0,"(3994.1451612903224, 2032.467741935484)",0.37874957002829074
4591,-12081.367588932808,nan,29.0,"(3995.137931034483, 392.44827586206895)",0.6624161134492802
4592,1265.2048192771035,17.54459790621764,43.0,"(3994.5116279069766, 857.046511627907)",0.4493524542295036
4593,-39012.22529644269,nan,45.0,"(3996.0444444444443, 916.8222222222222)",0.8863194161255936
4594,-3273.968503937007,nan,11.0,"(3992.4545454545455, 937.8181818181819)",0.7528910411115917
4595,219.80314960629948,19.44491522192377,10.0,"(3992.7, 1078.5)",0.5851362742807612
4596,-6145.823529411766,nan,13.0,"(3994.6153846153848, 596.6923076923077)",0.698069439421757
4597,6386.799227799231,15.786791839724577,99.0,"(3998.6161616161617, 1896.7474747474748)",0.47175444460112803
4598,-2902.217898832685,nan,35.0,"(3996.285714285714, 1911.5714285714287)",0.4098885499529195
4599,999.4800000000032,17.800564729668913,41.0,"(3998.731707317073, 1956.9024390243903)",0.25518296370860416
4600,819.921259842522,18.015569631412205,22.0,"(3997.681818181818, 2160.4545454545455)",0.690791577912324
4601,1689.6850393700806,17.23048560297966,48.0,"(3998.7083333333335, 710.1666666666666)",0.7373072224853666
4602,-2634.1388888888905,nan,15.0,"(3999.0, 899.8)",0.32345562683823414
4603,-3055.9212598425183,nan,11.0,"(4000.0, 2218.181818181818)",0.5977410931000702
4604,-3095.1517509727637,nan,21.0,"(4002.6666666666665, 739.1904761904761)",0.808431484865145
4605,227.484375,19.40762106987235,11.0,"(4002.6363636363635, 1735.7272727272727)",0.49796814843649484
4606,196.05019305019232,19.569081814286868,13.0,"(4005.5384615384614, 1218.5384615384614)",0.7779325744441971
4607,-12563.142857142855,nan,15.0,"(4006.5333333333333, 24.066666666666666)",0.8561456307086075
4608,-64334.255999999994,nan,20.0,"(4009.6, 1259.0)",0.9282126312995362
4609,1335.8984375,17.48556639527608,29.0,"(4006.9310344827586, 1269.8620689655172)",0.6362097827461783
4610,4250.715953307401,16.2288447875897,106.0,"(4010.443396226415, 1492.2641509433963)",0.33374451480817724
4611,177.96456692913307,19.67416614477525,9.0,"(4006.6666666666665, 1756.888888888889)",0.6945875203623408
4612,1753.8976377952786,17.18998939207419,47.0,"(4009.0, 1996.6382978723404)",0.33505386085507227
4613,-3094.7764705882364,nan,15.0,"(4009.3333333333335, 204.4)",0.5759048965827144
4614,-78010.95294117648,nan,94.0,"(4019.840425531915, 1736.0851063829787)",0.9059675079785787
4615,-9904.82,nan,9.0,"(4012.0, 1916.2222222222222)",0.8327127060219737
4616,155.73122529644206,19.819060748375612,12.0,"(4013.4166666666665, 1138.4166666666667)",0.11322770341445937
4617,500.51737451737426,18.55145210552133,27.0,"(4017.3703703703704, 1350.2592592592594)",0.21381231875370718
4618,304.4901185770759,19.09106699170816,19.0,"(4015.842105263158, 1863.2631578947369)",0.4609103798731539
4619,-2615.5921568627455,nan,27.0,"(4018.222222222222, 289.55555555555554)",0.7694440863499971
4620,374.28346456692816,18.866998397789462,24.0,"(4018.3333333333335, 1473.125)",0.72282108541073
4621,283.9496124030993,19.16689679950193,8.0,"(4017.875, 1754.125)",0.8640220764089543
4622,-1976.2440944881891,nan,22.0,"(4018.909090909091, 2238.590909090909)",0.6568399109351462
4623,-82485.05078125,nan,381.0,"(4031.1049868766404, 1833.1076115485564)",0.9244840779827541
4624,96.3346456692907,20.340543739171213,8.0,"(4021.625, 688.625)",0.20412414523193195
4625,1280.9763779527566,17.53114719714367,42.0,"(4024.8809523809523, 696.4047619047619)",0.4297934572918773
4626,-10111.396,nan,8.0,"(4024.0, 654.25)",0.8838834764831844
4627,-2743.0625,nan,12.0,"(4024.3333333333335, 798.6666666666666)",0.919921022479859
4628,59216.37209302324,13.36889550825012,217.0,"(4030.4193548387098, 2175.2442396313363)",0.4959587816499032
4629,141.14285714285688,19.925852738566576,9.0,"(4027.1111111111113, 994.4444444444445)",0.8606629658238704
4630,724.765625,18.14950603262599,29.0,"(4032.448275862069, 850.5862068965517)",0.5029224047166103
4631,-26336.806201550397,nan,36.0,"(4036.1944444444443, 1194.638888888889)",0.8804953035216457
4632,384.5118110236217,18.837725788657657,22.0,"(4035.4545454545455, 2013.1818181818182)",0.4298079441166503
4633,-6303.369649805445,nan,9.0,"(4035.222222222222, 117.66666666666667)",0.947539853679383
4634,155.61478599221846,19.819872850471434,11.0,"(4036.2727272727275, 390.45454545454544)",0.7018977590482198
4635,122.03125,20.083822350266466,8.0,"(4034.75, 877.5)",0.8897891991866603
4636,8628.74609375,15.460130775523858,140.0,"(4040.7214285714285, 1922.6357142857144)",0.8317456516349957
4637,-3048.889763779527,nan,11.0,"(4038.4545454545455, 441.8181818181818)",0.40650179905230494
4638,-66023.95275590551,nan,98.0,"(4042.438775510204, 1176.1938775510205)",0.8881501307829913
4639,448.25098039215663,18.671196879743853,28.0,"(4042.4285714285716, 749.2142857142857)",0.4223275075417578
4640,-3304.848,nan,12.0,"(4042.0833333333335, 826.25)",0.5279980717299292
4641,-6090.054901960779,nan,43.0,"(4042.860465116279, 1597.1627906976744)",0.7566150538330997
4642,1475.2529644268798,17.37783376000246,23.0,"(4043.5652173913045, 391.60869565217394)",0.5971958977497874
4643,1177.7647058823568,17.62235366084959,49.0,"(4044.3061224489797, 1375.1632653061224)",0.5660101916193081
4644,377.79133858267596,18.856870007835816,17.0,"(4045.176470588235, 1055.5882352941176)",0.6937871192378937
4645,-2361.71875,nan,13.0,"(4044.769230769231, 72.46153846153847)",0.6046915148598334
4646,6204.541176470593,15.818225822236085,89.0,"(4048.179775280899, 836.3258426966293)",0.6139226653765251
4647,-3217.1176470588216,nan,15.0,"(4046.3333333333335, 534.4)",0.588628810598146
4648,366.1612903225796,18.890818925399152,17.0,"(4045.705882352941, 1332.0)",0.43315466652677176
4649,3676.487999999983,16.386417118051014,96.0,"(4052.0625, 1769.4895833333333)",0.809808980241933
4650,271.2000000000007,19.216775787012434,18.0,"(4051.5555555555557, 1943.388888888889)",0.48929173249866437
4651,-3117.625,nan,13.0,"(4052.3076923076924, 468.3076923076923)",0.8791808437433611
4652,-6469.661354581673,nan,9.0,"(4051.1111111111113, 1182.7777777777778)",0.7679338599969151
4653,2511.5408560311334,16.80014938160246,85.0,"(4056.764705882353, 351.3058823529412)",0.6380690668512597
4654,33722.90234375,13.980187637784852,262.0,"(4060.3015267175574, 977.1946564885496)",0.6861994207581256
4655,698.7921568627498,18.189129945292976,28.0,"(4054.214285714286, 1069.4642857142858)",0.7343589613326063
4656,84.1550387596908,20.48729968911891,10.0,"(4056.7, 1182.3)",0.5299497274733967
4657,706.5840000000026,18.177090502557146,31.0,"(4058.1290322580644, 1384.258064516129)",0.6860636982345091
4658,11148.290196078422,15.181979337222993,151.0,"(4063.4039735099336, 2086.298013245033)",0.40008517133073324
4659,4465.643410852717,16.17528989756467,84.0,"(4065.2023809523807, 1639.607142857143)",0.7381864615024016
4660,265.69444444444525,19.23904381600993,23.0,"(4066.086956521739, 589.6521739130435)",0.5769192509321025
4661,848.2755905511804,17.97865757451355,17.0,"(4065.235294117647, 2176.764705882353)",0.4977777340358512
4662,1967.7209302325573,17.0650912371373,31.0,"(4069.2580645161293, 1184.6451612903227)",0.4524682789019465
4663,1893.8707224334648,17.106624174274287,27.0,"(4071.5185185185187, 387.48148148148147)",0.618562100057636
4664,1181.984375,17.6184706612091,38.0,"(4071.184210526316, 891.3684210526316)",0.452113051077727
4665,212790.09523809527,11.980121477638331,468.0,"(4081.014957264957, 218.37820512820514)",0.41750369401024706
4666,-272.14671814671783,nan,9.0,"(4070.5555555555557, 230.55555555555554)",0.9141478522888816
4667,403.798418972332,18.78458846455163,16.0,"(4071.875, 395.625)",0.5930391586227486
4668,5075.596899224802,16.036282191519128,53.0,"(4075.5849056603774, 40.77358490566038)",0.4615691729819886
4669,332.0799999999981,18.99689319907385,16.0,"(4075.0, 1331.4375)",0.605203521333145
4670,4253.900621118009,16.228031650566187,53.0,"(4077.3584905660377, 2304.0377358490564)",0.5735829011610668
4671,467.5307692307724,18.625474504933706,22.0,"(4076.090909090909, 1844.090909090909)",0.635801927514312
4672,458789.9525691699,11.145965254125851,809.0,"(4091.512978986403, 453.3646477132262)",0.3137537224213241
4673,-10950.054263565893,nan,42.0,"(4079.1428571428573, 855.8809523809524)",0.7816479884427063
4674,-6608.816176470587,nan,8.0,"(4080.0, 1685.0)",0.8504795571769027
4675,1146.1046511627937,17.651939312493425,44.0,"(4082.9545454545455, 1563.1363636363637)",0.7408229251690333
4676,-6766.3372549019605,nan,10.0,"(4081.4, 1273.7)",0.6511793056549293
4677,-6517.107569721113,nan,16.0,"(4081.9375, 1705.75)",0.8950420928785613
4678,3782.9761904761835,16.355415980218677,71.0,"(4086.112676056338, 1452.8028169014085)",0.5805164022700924
4679,8935.36328125,15.422219464685156,138.0,"(4093.1376811594205, 2151.927536231884)",0.6008835457520704
4680,-2867.842519685044,nan,24.0,"(4087.4583333333335, 909.1666666666666)",0.8222639666723055
4681,8001.461538461539,15.542076694984168,44.0,"(4092.431818181818, 33.52272727272727)",0.7209626166553106
4682,266.45098039215736,19.235956693641924,15.0,"(4091.6, 2085.6)",0.3273471116018211
4683,-2893.2784313725497,nan,19.0,"(4093.5263157894738, 513.6842105263158)",0.7326351235259929
4684,563.1176470588216,18.423502156162755,19.0,"(4093.6315789473683, 1050.578947368421)",0.6936613716179619
4685,658.5928853754958,18.253457412950546,26.0,"(4095.153846153846, 975.5769230769231)",0.5305684271043335
4686,197.58730158730214,19.560602424519917,8.0,"(4093.625, 1100.0)",0.7930733508692994
4687,1482.3913043478242,17.372592853092353,46.0,"(4099.630434782609, 968.1304347826087)",0.47926766181673613
4688,1086.617529880481,17.709808232451973,32.0,"(4101.40625, 1510.03125)",0.4689505019479735
4689,894.0228136882106,17.921628496823164,32.0,"(4101.03125, 1901.9375)",0.5433487969442565
4690,89970.78260869562,12.914746254510604,416.0,"(4111.09375, 51.46634615384615)",0.39114898951763055
4691,554.1304347826081,18.440969990530768,25.0,"(4101.56, 1764.92)",0.5433446459974961
4692,-3236.600790513834,nan,9.0,"(4102.444444444444, 728.6666666666666)",0.6184647622479179
4693,1334.776061776065,17.486478976746337,41.0,"(4104.90243902439, 1114.0731707317073)",0.5315746599317971
4694,-3769.188976377962,nan,41.0,"(4108.243902439024, 2265.2195121951218)",0.7887456137608283
4695,-6531.972222222223,nan,13.0,"(4104.7692307692305, 1886.8461538461538)",0.800355442144663
4696,4444.839215686268,16.180359860639463,93.0,"(4108.397849462365, 1441.3978494623657)",0.6723909658502054
4697,-5996.477611940296,nan,32.0,"(4110.1875, 2308.09375)",0.9650599356038753
4698,-186951.5905511811,nan,150.0,"(4114.76, 1168.1866666666667)",0.9127021543083048
4699,870.1417322834641,17.951025004846283,27.0,"(4107.814814814815, 1671.4814814814815)",0.5317946352223004
4700,1619.885375494072,17.276289288568794,47.0,"(4108.468085106383, 1838.3617021276596)",0.546852738192584
4701,-6007.326771653541,nan,24.0,"(4107.583333333333, 1577.625)",0.844569694420873
4702,9906.164705882373,15.310236138627399,154.0,"(4115.396103896104, 794.6298701298701)",0.6952871638924185
4703,3866.711462450592,16.331645585424265,66.0,"(4111.560606060606, 1021.1363636363636)",0.48890224171936897
4704,2634.9529411764743,16.748067841612347,40.0,"(4114.325, 154.15)",0.5057138015577475
4705,275.20392156862727,19.200863454584407,17.0,"(4115.588235294118, 1106.2941176470588)",0.5727840221133355
4706,-5562.368627450982,nan,17.0,"(4117.117647058823, 92.82352941176471)",0.602772973868524
4707,8707.874015748035,15.450219657236877,149.0,"(4121.637583892618, 773.6711409395973)",0.5772698143318841
4708,535.2941176470595,18.47851882264295,12.0,"(4115.833333333333, 2125.3333333333335)",0.7249639716532666
4709,3552.0551181102346,16.423800759467966,33.0,"(4119.515151515152, 25.12121212121212)",0.4197307368679902
4710,293.43629343629254,19.131215429501154,8.0,"(4118.25, 238.625)",0.8124097554365945
4711,1992.5930232558167,17.051453486569073,57.0,"(4121.210526315789, 255.6315789473684)",0.5004957896085239
4712,905.5525291828817,17.907715880292034,35.0,"(4120.228571428572, 1410.4285714285713)",0.45409805556655863
4713,-3004.4448818897617,nan,11.0,"(4121.0, 1153.3636363636363)",0.8815274103222697
4714,20977.480314960616,14.495616694434501,219.0,"(4128.155251141552, 2013.4429223744291)",0.43091071820409477
4715,-5490.685258964135,nan,36.0,"(4122.222222222223, 1633.888888888889)",0.8531961255708884
4716,-2643.2857142857138,nan,8.0,"(4122.125, 61.25)",0.6992747975054386
4717,576.9439999999995,18.397165846968818,14.0,"(4124.428571428572, 722.0)",0.6986509201942609
4718,-3942.4285714285797,nan,74.0,"(4130.0, 1105.6216216216217)",0.8129474923632688
4719,-15449.830769230772,nan,19.0,"(4127.421052631579, 128.47368421052633)",0.7105266325449319
4720,302.58267716535374,19.097889847315834,20.0,"(4127.6, 1091.35)",0.584617014913538
4721,372.7704280155631,18.87139636914187,19.0,"(4127.1578947368425, 1926.9473684210527)",0.6473573035203848
4722,1476.9534883720917,17.376582952751612,37.0,"(4130.756756756757, 1633.4054054054054)",0.5633716545202163
4723,-2717.6377952755865,nan,21.0,"(4131.761904761905, 807.2380952380952)",0.8103776218856646
4724,543.0499999999884,18.462900454921098,42.0,"(4135.261904761905, 2304.595238095238)",0.7721537886144046
4725,1846.064000000013,17.13438311693583,95.0,"(4137.031578947369, 1360.4421052631578)",0.6390338880340065
4726,193.79922779922708,19.58161989436384,14.0,"(4134.785714285715, 950.6428571428571)",0.25045181204474265
4727,2179.6046511627937,16.954055685012843,52.0,"(4137.038461538462, 1249.8846153846155)",0.5073921099331274
4728,3243.926070038913,16.522322630094877,19.0,"(4137.0526315789475, 2270.157894736842)",0.7709186613203389
4729,-104143.17120622564,nan,269.0,"(4150.75092936803, 1993.3085501858736)",0.8640012221393424
4730,3827.365758754866,16.342750082080073,40.0,"(4140.725, 131.575)",0.6097701210248576
4731,-3148.577075098812,nan,11.0,"(4138.909090909091, 1974.8181818181818)",0.8975913198381239
4732,-7619.442176870747,nan,8.0,"(4138.75, 2.5)",0.9490242323100214
4733,178.0078740157478,19.67390196661602,11.0,"(4139.181818181818, 606.4545454545455)",0.747470665022941
4734,1942.11067193676,17.079315063204522,52.0,"(4141.903846153846, 1283.4615384615386)",0.3307605630855731
4735,756.3582677165396,18.103181103720114,43.0,"(4142.53488372093, 1065.3720930232557)",0.09621876472935813
4736,1132.2325581395344,17.665160902075307,14.0,"(4142.0, 45.857142857142854)",0.8876926592366118
4737,-2979.325581395351,nan,23.0,"(4143.086956521739, 329.1304347826087)",0.5141189379261142
4738,576.6417322834641,18.397734825938823,23.0,"(4144.260869565217, 1865.5217391304348)",0.5894101442056401
4739,9642.086274509798,15.339572467245603,111.0,"(4148.171171171171, 790.2972972972973)",0.4219268622541171
4740,785.890625,18.061594729889514,8.0,"(4145.25, 123.75)",0.8519332209108986
4741,-3166.383399209488,nan,17.0,"(4145.294117647059, 1369.0588235294117)",0.5775040596820508
4742,623.22265625,18.313391917440526,26.0,"(4148.115384615385, 2287.846153846154)",0.5659888787049148
4743,773.04296875,18.079490914064532,35.0,"(4155.771428571428, 877.2571428571429)",0.49484176802621976
4744,1087.0119521912347,17.70941420155482,32.0,"(4154.59375, 986.96875)",0.7297808076138171
4745,161.185770750988,19.781683249334243,8.0,"(4153.125, 1789.625)",0.8021087259367566
4746,150.02734375,19.859573949735925,8.0,"(4153.25, 1937.25)",0.7384255845247096
4747,1067.9722222222226,17.72860010771738,18.0,"(4154.944444444444, 1161.6666666666667)",0.7605997067318303
4748,-2372.5454545454486,nan,44.0,"(4157.5, 1262.4772727272727)",0.7834741790651398
4749,192.83464566928888,19.58703733957812,14.0,"(4158.857142857143, 1403.5)",0.7246704345605303
4750,218.109375,19.453314166827393,10.0,"(4158.2, 1644.6)",0.8004714123777823
4751,10076.935999999987,15.291678749234055,121.0,"(4164.752066115702, 731.8595041322315)",0.6555233426573903
4752,-2619.94466403162,nan,18.0,"(4162.055555555556, 1359.7777777777778)",0.4987755849734624
4753,3181.46484375,16.543432178751097,67.0,"(4163.880597014925, 1851.910447761194)",0.42750180781230784
4754,-3922.9728682170535,nan,8.0,"(4163.0, 33.875)",0.951481519023024
4755,2173.860557768923,16.956920792912417,41.0,"(4164.341463414634, 313.0487804878049)",0.4189939188667728
4756,34278.76113360323,13.96243720568207,291.0,"(4169.972508591065, 1475.5326460481099)",0.41381489831743407
4757,-2280.6976744186068,nan,14.0,"(4163.857142857143, 93.85714285714286)",0.5694260835511283
4758,7102.501992031874,15.67147158949714,127.0,"(4167.4094488188975, 1653.0393700787401)",0.7563960466259549
4759,1095.7440944881891,17.70072715324354,18.0,"(4165.666666666667, 257.0)",0.6249501452199417
4760,-2048.252964426878,nan,9.0,"(4165.333333333333, 22.444444444444443)",0.7381654039815435
4761,712.3027888446231,18.168338388199857,23.0,"(4166.782608695652, 206.8695652173913)",0.6207823916295305
4762,-6550.219512195123,nan,8.0,"(4165.5, 1163.0)",0.824582686651184
4763,-4961.605577689246,nan,24.0,"(4169.666666666667, 67.08333333333333)",0.6558344934200875
4764,696924.5381679388,10.692035610104615,968.0,"(4184.925619834711, 446.9762396694215)",0.4068909974131155
4765,-8338.015625,nan,17.0,"(4169.529411764706, 757.2352941176471)",0.85611796845341
4766,876.6758893280639,17.942902343531365,27.0,"(4169.888888888889, 1222.5185185185185)",0.6041511740920718
4767,9098.385826771657,15.402589125985148,52.0,"(4170.557692307692, 2276.1923076923076)",0.44322777263847096
4768,2488.543307086613,16.810136992518814,50.0,"(4171.72, 1450.54)",0.48486192681256723
4769,2082.7220077220045,17.00342173459927,35.0,"(4173.4857142857145, 197.42857142857142)",0.4570400320952306
4770,-2759.65625,nan,8.0,"(4173.25, 268.5)",0.6424874759015162
4771,3185.1058823529165,16.542190314634553,179.0,"(4182.1843575419, 303.4022346368715)",0.779573311738892
4772,1162.109375,17.636882488118204,17.0,"(4175.64705882353, 1252.764705882353)",0.7054237915075089
4773,-22864.610894941638,nan,30.0,"(4180.366666666667, 1516.7333333333333)",0.8413789119735565
4774,65993.4296875,13.251248251770456,376.0,"(4187.811170212766, 346.2898936170213)",0.5031526723661143
4775,1452763.0,9.894513074006221,1343.0,"(4200.42889054356, 1236.0513775130305)",0.22528078352786762
4776,1351.396825396827,17.47304276405717,51.0,"(4182.901960784314, 1800.4901960784314)",0.5429594057584206
4777,7036.131999999998,15.681665054100302,44.0,"(4184.204545454545, 41.0)",0.6349402412111327
4778,1391.1875,17.441535832950056,32.0,"(4183.84375, 406.96875)",0.2646680496353538
4779,-4870.4701195219095,nan,32.0,"(4183.6875, 728.96875)",0.8506371588172943
4780,1430.0,17.411659906337345,29.0,"(4184.448275862069, 161.31034482758622)",0.7763906344153038
4781,-2488.244094488189,nan,18.0,"(4185.833333333333, 271.55555555555554)",0.7407498937075401
4782,725.1764705882342,18.14889073916978,17.0,"(4184.470588235294, 1088.2941176470588)",0.8143623558428236
4783,4393.1496062992155,16.193060017056435,56.0,"(4187.071428571428, 2174.1785714285716)",0.33441409030971353
4784,12259.65217391304,15.078804628192684,52.0,"(4187.384615384615, 2260.1346153846152)",0.6966539914980748
4785,5702.984251968504,15.90974456914903,64.0,"(4188.515625, 1986.828125)",0.3905661427951271
4786,1313.5019607843133,17.503923186415996,34.0,"(4188.735294117647, 1583.8235294117646)",0.5525428931924815
4787,1165.642857142855,17.63358623314303,23.0,"(4189.652173913043, 932.0434782608696)",0.8066115855224695
4788,-11566.220472440938,nan,34.0,"(4191.85294117647, 2120.470588235294)",0.8819322450035025
4789,8275.10040160641,15.505566820587825,142.0,"(4198.528169014085, 1484.9507042253522)",0.5727173920682103
4790,654.2607003891062,18.26062291443346,17.0,"(4194.235294117647, 1800.2941176470588)",0.5601120336112039
4791,-3966.705882352944,nan,17.0,"(4195.411764705882, 174.58823529411765)",0.7696486295414053
4792,-3113.412451361868,nan,11.0,"(4199.545454545455, 1363.2727272727273)",0.6632115417478165
4793,511.9123505976095,18.527010980912017,24.0,"(4200.208333333333, 1895.125)",0.4426769024749641
4794,-4614.426294820718,nan,9.0,"(4200.888888888889, 110.77777777777777)",0.7679338599969151
4795,900.6111111111095,17.91365674829482,21.0,"(4201.047619047619, 2041.2380952380952)",0.6779937474869068
4796,-61448.22352941177,nan,93.0,"(4208.215053763441, 134.43010752688173)",0.8338006643689913
4797,23340.21400778211,14.379737915502462,224.0,"(4209.754464285715, 1148.5625)",0.7106952525787925
4798,3331.1269841269823,16.493522028708504,43.0,"(4203.511627906977, 1193.3488372093022)",0.5895297614808073
4799,2477.5800000000017,16.81493078358238,52.0,"(4204.7692307692305, 1599.0961538461538)",0.43676162345213154
4800,1401.988235294113,17.43313907677983,33.0,"(4203.606060606061, 2012.8181818181818)",0.6447135636107311
4801,2304.2702702702663,16.893666458518005,41.0,"(4205.926829268293, 878.9024390243902)",0.7926665764066162
4802,384.77999999999884,18.836968774247797,18.0,"(4208.444444444444, 1544.0)",0.7545026640576022
4803,58515.86046511622,13.381816010909942,580.0,"(4227.693103448276, 1977.2862068965517)",0.7802364642935838
4804,1376.8823529411748,17.45275791560901,36.0,"(4213.472222222223, 738.1388888888889)",0.3924900581422862
4805,-2112.284584980236,nan,12.0,"(4211.583333333333, 953.9166666666666)",0.6105139414683934
4806,-20582.55118110236,nan,10.0,"(4215.7, 143.9)",0.9740199563455983
4807,-4142.96958174905,nan,23.0,"(4217.478260869565, 1206.5217391304348)",0.7789552926538211
4808,17412.015625,14.69787737948034,155.0,"(4221.658064516129, 1835.283870967742)",0.7177526984857869
4809,525.8846153846171,18.497773835427367,11.0,"(4217.909090909091, 240.0909090909091)",0.8129864191493816
4810,615.3438735177879,18.327205297411602,12.0,"(4219.916666666667, 1077.5833333333333)",0.7611603506259895
4811,-6572.245059288536,nan,17.0,"(4219.64705882353, 1623.5294117647059)",0.731189761731202
4812,3687.2283464566863,16.383249915317975,64.0,"(4222.78125, 2010.796875)",0.674792199333362
4813,-7039.243137254904,nan,9.0,"(4219.555555555556, 2254.222222222222)",0.8219339580179348
4814,25761.947791164625,14.272553260600516,743.0,"(4239.532974427994, 141.03230148048453)",0.3868505670448561
4815,-5826.791338582676,nan,11.0,"(4222.454545454545, 1358.3636363636363)",0.8156610024885641
4816,-13196.290697674416,nan,10.0,"(4223.1, 148.9)",0.8828041736067006
4817,16881.840000000026,14.731450550333829,141.0,"(4226.567375886525, 2122.0425531914893)",0.7885089089438518
4818,412.4166666666679,18.76165948059117,9.0,"(4223.777777777777, 278.22222222222223)",0.7087034045778582
4819,-1363.171875,nan,10.0,"(4230.5, 65.4)",0.515805240252132
4820,-1785.1294117647049,nan,26.0,"(4230.846153846154, 1477.6538461538462)",0.8009221831477294
4821,-32158.213438735198,nan,97.0,"(4235.020618556701, 292.8144329896907)",0.8924296485004024
4822,-2398.846456692914,nan,22.0,"(4231.818181818182, 1550.409090909091)",0.6373552157406869
4823,1290.4124513618663,17.523178637583733,29.0,"(4234.172413793103, 1073.3793103448277)",0.6481086281273181
4824,3440.328125,16.45850033537279,62.0,"(4235.645161290323, 628.2903225806451)",0.5338465609960716
4825,-2847.245059288536,nan,11.0,"(4235.454545454545, 797.0909090909091)",0.8883969714980657
4826,478.0750988142281,18.60125969132114,11.0,"(4235.545454545455, 1134.909090909091)",0.8864010732926687
4827,414.40079365079146,18.756448553778263,13.0,"(4235.923076923077, 898.3846153846154)",0.6487505386045678
4828,437.92125984251834,18.69650992630851,24.0,"(4237.291666666667, 1829.1666666666667)",0.6407970467500682
4829,4584.379446640312,16.146798608076132,26.0,"(4239.384615384615, 1157.576923076923)",0.7176142123468625
4830,-2765.4765625,nan,10.0,"(4238.8, 1493.7)",0.9028016348754949
4831,8843.637795275572,15.433422632311101,176.0,"(4247.170454545455, 1414.5795454545455)",0.3784110321824459
4832,11278.0703125,15.169413005386284,64.0,"(4244.375, 168.71875)",0.36183852966540975
4833,839.3055555555547,17.99019975545703,17.0,"(4241.882352941177, 1397.6470588235295)",0.699974061927507
4834,-6037.79069767442,nan,10.0,"(4242.9, 303.1)",0.8456727343830106
4835,-6446.8046875,nan,8.0,"(4243.5, 546.25)",0.9574271077563381
4836,5291.785992217898,15.990994319128099,27.0,"(4247.259259259259, 23.59259259259259)",0.8734275608892235
4837,-6552.151750972762,nan,9.0,"(4243.333333333333, 771.2222222222222)",0.7136636721983836
4838,5482.243027888442,15.952604290227601,97.0,"(4249.268041237114, 488.02061855670104)",0.7388234847397928
4839,2019086.0965250966,9.537112904413386,1712.0,"(4267.428738317757, 1186.455023364486)",0.5330729345283863
4840,1849.3456790123455,17.132454757721455,8.0,"(4245.875, 2304.125)",0.8640220764089543
4841,977.3976377952749,17.824821787307158,14.0,"(4248.142857142857, 383.2857142857143)",0.6398517200287542
4842,12484.806324110672,15.059045476097449,107.0,"(4251.551401869159, 2018.1401869158879)",0.4495194725230824
4843,-3092.263999999999,nan,18.0,"(4249.0, 826.4444444444445)",0.4579323621351223
4844,1570.212598425198,17.310103856123213,36.0,"(4250.416666666667, 1492.1944444444443)",0.44340287386198896
4845,2284.6507936507915,16.90295042988284,54.0,"(4251.074074074074, 1641.388888888889)",0.32662186372791174
4846,-7082.808764940237,nan,13.0,"(4248.692307692308, 2243.076923076923)",0.8852827178314259
4847,390.6614173228354,18.820498696606624,8.0,"(4250.375, 2060.5)",0.892775036020812
4848,-11123.735408560315,nan,34.0,"(4254.794117647059, 1796.6176470588234)",0.7197641720655304
4849,55886.16141732287,13.43173929800022,338.0,"(4262.183431952662, 1530.4349112426034)",0.8001416027746434
4850,1470.9846153846156,17.38097967353214,24.0,"(4255.5, 2089.5416666666665)",0.7351208721115395
4851,65084.134387351805,13.266312167127515,253.0,"(4266.885375494071, 172.38339920948616)",0.7137953513137858
4852,5570.807086614179,15.935204701531154,70.0,"(4261.2, 1924.4857142857143)",0.6192342889886503
4853,2.628000000000611,24.25093659778039,13.0,"(4258.692307692308, 140.0)",0.83400223600957
4854,-6359.094117647059,nan,14.0,"(4258.928571428572, 1760.357142857143)",0.8652691475432732
4855,-1400.5519999999997,nan,9.0,"(4260.555555555556, 165.0)",0.8671032092639515
4856,-2844.210116731516,nan,16.0,"(4261.75, 705.3125)",0.8343457688362966
4857,15364.21428571429,14.833724110826791,101.0,"(4270.207920792079, 614.8910891089109)",0.6967226943186986
4858,-14177.636015325668,nan,30.0,"(4266.966666666666, 373.9)",0.7983346272300623
4859,-1765.2677165354326,nan,21.0,"(4266.571428571428, 1283.6666666666667)",0.713980639044873
4860,-9243.181102362207,nan,12.0,"(4265.083333333333, 1945.1666666666667)",0.9352090883136976
4861,12693.031746031746,15.04108658437801,140.0,"(4272.228571428572, 1992.1642857142858)",0.7148039769437766
4862,13928.431372549021,14.94024447825198,71.0,"(4270.281690140845, 114.8169014084507)",0.5104071731526972
4863,-8632.301470588238,nan,12.0,"(4268.0, 214.0)",0.7494540530867123
4864,-3146.084942084941,nan,18.0,"(4266.888888888889, 998.9444444444445)",0.35158996447725377
4865,127136.25,12.539326506574223,367.0,"(4276.907356948229, 1725.6893732970027)",0.3327019441345819
4866,714.0,18.165754470559563,18.0,"(4270.388888888889, 2020.1666666666667)",0.7825144065692551
4867,-5063.6328125,nan,11.0,"(4271.636363636364, 488.27272727272725)",0.9220804912880807
4868,18971.517374517367,14.604744830260461,149.0,"(4280.5100671140935, 93.57046979865771)",0.5487005485073148
4869,-1968.0347490347485,nan,20.0,"(4274.55, 1624.45)",0.8389751567304189
4870,-4799.894117647062,nan,10.0,"(4273.4, 2238.1)",0.8616781710048516
4871,-3041.3385826771664,nan,13.0,"(4274.7692307692305, 1329.2307692307693)",0.628792204431863
4872,3672.031496062991,16.387734005967502,42.0,"(4278.428571428572, 1285.595238095238)",0.5443067772931722
4873,188027.58267716534,12.114446093252809,405.0,"(4288.392592592592, 470.54814814814813)",0.4763227421013979
4874,859.745098039215,17.964075729228927,10.0,"(4279.1, 526.6)",0.7325487390334128
4875,-2117.6264591439685,nan,24.0,"(4281.875, 271.0416666666667)",0.7643325103222273
4876,-6490.18,nan,9.0,"(4281.0, 1536.5555555555557)",0.9322337272826996
4877,2930.503937007874,16.63264422706434,38.0,"(4283.368421052632, 853.3684210526316)",0.4316880936260108
4878,-1725.588235294119,nan,19.0,"(4285.789473684211, 1109.4736842105262)",0.876410239740728
4879,-2250.40625,nan,8.0,"(4285.5, 619.25)",0.9361136070587548
4880,48912.168000000005,13.576457717329863,215.0,"(4294.944186046511, 1361.4976744186047)",0.7093094477190488
4881,4285.156862745098,16.22008318909075,9.0,"(4287.444444444444, 2276.222222222222)",0.9294403032006735
4882,10518.433734939768,15.24512231179482,119.0,"(4293.789915966387, 1400.1596638655462)",0.4855045696238539
4883,-4041.424124513618,nan,18.0,"(4291.222222222223, 29.666666666666668)",0.7349646104262986
4884,-1762.4980392156867,nan,10.0,"(4290.4, 129.7)",0.7729381961245877
4885,-6249.389763779527,nan,11.0,"(4291.0, 1345.3636363636363)",0.7990703383623154
4886,1779.2031872509979,17.174436130263807,35.0,"(4291.857142857143, 1819.8)",0.6509857450950531
4887,819.063745019921,18.01670574305594,12.0,"(4293.333333333333, 638.0833333333334)",0.8305071931468501
4888,1327.1338582677163,17.492713177060544,17.0,"(4293.470588235294, 735.1176470588235)",0.590105744583915
4889,-5244.534883720931,nan,8.0,"(4293.875, 34.875)",0.7678631486491763
4890,4573.7529880478105,16.14931823444809,72.0,"(4300.902777777777, 1759.3194444444443)",0.7009901276554974
4891,-5809.151750972764,nan,33.0,"(4299.424242424242, 1376.7272727272727)",0.8102523548018752
4892,231.15139442231157,19.390258705834178,53.0,"(4301.2830188679245, 1571.0566037735848)",0.4865403068031567
4893,-1450.0237154150236,nan,40.0,"(4301.625, 1681.125)",0.4537944675985684
4894,1986.5836575875437,17.054732853813725,75.0,"(4303.093333333333, 1724.12)",0.640519601056643
4895,-4717.697674418603,nan,8.0,"(4300.875, 102.875)",0.9009952026226566
4896,766.4767441860458,18.088752544049104,12.0,"(4301.0, 1588.8333333333333)",0.5974003654361663
4897,-15908.731225296448,nan,139.0,"(4306.8705035971225, 1484.6258992805756)",0.7806900268539425
4898,-5556.263157894748,nan,53.0,"(4307.018867924528, 5.962264150943396)",0.7984677932474568
4899,8427.634920634911,15.485735714988941,105.0,"(4308.314285714286, 1155.104761904762)",0.28216148606720076
4900,-212.91699604743008,nan,11.0,"(4304.909090909091, 1296.4545454545455)",0.8181814403477958
4901,-16586.72200772201,nan,71.0,"(4311.366197183099, 1390.2535211267605)",0.8050189582873534
4902,26712.380952380947,14.233218500800547,139.0,"(4313.928057553957, 1442.6762589928057)",0.40197715195073325
4903,1015.7058823529442,17.78308008092568,34.0,"(4312.14705882353, 50.3235294117647)",0.649735641902412
4904,4996.519999999997,16.053330924654546,56.0,"(4312.035714285715, 277.25)",0.5707727866786227
4905,4731.209486166001,16.112569555120743,64.0,"(4313.953125, 336.1875)",0.2319795887965062
4906,-8210.055118110235,nan,58.0,"(4311.482758620689, 1178.8103448275863)",0.8757852194283692
4907,-105.42519685039588,nan,21.0,"(4311.0, 2084.809523809524)",0.8646138607785251
4908,-7557.131999999998,nan,43.0,"(4313.0, 1874.7906976744187)",0.8372788380763011
4909,577.629921259846,18.395875795947692,36.0,"(4315.166666666667, 419.47222222222223)",0.7835093069829301
4910,-2378.662790697672,nan,19.0,"(4314.789473684211, 1764.6315789473683)",0.7767756646984966
4911,-9844.186770428016,nan,16.0,"(4316.5625, 866.5625)",0.8397807475101702
4912,-3034.968503937007,nan,8.0,"(4317.5, 1429.875)",0.7158910531638176
4913,15878.258064516136,14.797992859694197,105.0,"(4323.019047619047, 1060.5047619047618)",0.6543385759246774
4914,-4147.772908366533,nan,32.0,"(4321.28125, 2095.0625)",0.3092470979312849
4915,-6988.392996108949,nan,9.0,"(4319.333333333333, 70.77777777777777)",0.9436973087177913
4916,10282.488188976364,15.269754451681745,115.0,"(4324.808695652174, 1966.2434782608696)",0.5949520469605202
4917,1896.109375,17.10534153618039,27.0,"(4322.814814814815, 799.7037037037037)",0.469901058053673
4918,-10020.027237354087,nan,26.0,"(4323.961538461538, 355.84615384615387)",0.5745686539307956
4919,722.5019607843133,18.15290242486573,9.0,"(4326.777777777777, 1588.5555555555557)",0.652945590437183
4920,3416.624,16.466007031866255,22.0,"(4328.045454545455, 170.5909090909091)",0.672339571003771
4921,5419.0,15.965202122469023,57.0,"(4330.561403508772, 1330.5438596491229)",0.4663582268887288
4922,-150755.28636363638,nan,306.0,"(4338.117647058823, 1375.4346405228757)",0.8897132393344687
4923,-12004.934959349594,nan,8.0,"(4328.5, 1933.0)",0.9448379296543175
4924,596.0077519379847,18.36187022899674,8.0,"(4328.875, 2106.875)",0.6123724356957945
4925,2701.354330708662,16.721046116559517,25.0,"(4332.4, 404.12)",0.719919831152081
4926,-2548.3255813953474,nan,21.0,"(4334.857142857143, 1820.142857142857)",0.6359259846756863
4927,2863.772727272735,16.657653627928475,64.0,"(4338.375, 964.625)",0.791074592048446
4928,-5180.7119999999995,nan,12.0,"(4336.416666666667, 1509.75)",0.7240167257294612
4929,-4937.065040650406,nan,13.0,"(4336.384615384615, 1976.076923076923)",0.7887531769001161
4930,-1361.4435146443539,nan,12.0,"(4337.333333333333, 1527.75)",0.8988822497145919
4931,34055.71794871795,13.969524899165528,62.0,"(4340.419354838709, 1314.6129032258063)",0.5687222045297031
4932,3038.692307692312,16.593283183854634,240.0,"(4345.633333333333, 1341.4791666666667)",0.9047373846964128
4933,2159.741935483871,16.963995347459438,21.0,"(4341.190476190476, 364.23809523809524)",0.7590504707075705
4934,-2575.735849056604,nan,9.0,"(4338.888888888889, 1042.6666666666667)",0.8304547985373997
4935,-8630.772486772486,nan,10.0,"(4341.3, 574.2)",0.9479431911690526
4936,430.8181818181765,18.71426494114707,99.0,"(4346.393939393939, 890.5050505050505)",0.849219620734185
4937,15030.268456375838,14.857583155970946,93.0,"(4346.4946236559135, 849.0537634408602)",0.7167546732254588
4938,-11414.1775147929,nan,15.0,"(4343.733333333334, 1832.5333333333333)",0.8569451770054195
4939,-3194.0304878048773,nan,9.0,"(4344.0, 2089.222222222222)",0.9261305195794692
4940,-19735.012903225805,nan,28.0,"(4346.25, 1235.642857142857)",0.8149036806083273
4941,-3360.662251655627,nan,11.0,"(4346.090909090909, 2164.7272727272725)",0.7787451305031027
4942,3913.8129496402835,16.318499835351304,31.0,"(4348.258064516129, 1421.0)",0.7881182780455195
4943,-2251.697841726618,nan,8.0,"(4348.625, 132.125)",0.6121180996919666
4944,-1736.0656934306571,nan,14.0,"(4348.785714285715, 1046.5714285714287)",0.8189129279975962
4945,-4456.444444444445,nan,13.0,"(4349.461538461538, 600.3846153846154)",0.9266487645915038
4946,1377.04347826087,17.45263086818361,11.0,"(4349.181818181818, 958.6363636363636)",0.7799157378212461
